frame_number static_density dynamic_density
1 0.374856 0.0981079
6 0.369532 0.103172
11 0.382546 0.0457986
16 0.396601 0.0619966
21 0.401807 0.0644599
26 0.402678 0.0722956
31 0.405243 0.0729965
36 0.409323 0.0884369
41 0.410096 0.0888056
46 0.410988 0.100154
51 0.410165 0.0833036
56 0.410117 0.0745523
61 0.410299 0.0268293
66 0.41145 0.0326594
71 0.411883 0.0136091
76 0.416826 0.0233895
81 0.420582 0.0314035
86 0.42565 0.0633822
91 0.436083 0.0742565
96 0.440114 0.0822948
101 0.452192 0.0889109
106 0.453395 0.0855603
111 0.452727 0.090491
116 0.448311 0.100766
121 0.449202 0.12719
126 0.455474 0.12597
131 0.459861 0.132096
136 0.464112 0.146905
141 0.467345 0.153391
146 0.466725 0.157568
151 0.468102 0.13441
156 0.464586 0.142079
161 0.463285 0.137627
166 0.461405 0.134754
171 0.457435 0.125764
176 0.455761 0.120906
181 0.454987 0.111089
186 0.45378 0.0905032
191 0.451621 0.0884369
196 0.450385 0.0522567
201 0.452001 0.0286363
206 0.453853 0.0231059
211 0.455741 0.0290576
216 0.455814 0.032546
221 0.454258 0.0673649
226 0.454311 0.0261
231 0.454368 0.0247225
236 0.456333 0.0284215
241 0.452127 0.0261243
246 0.452346 0.0193988
251 0.452046 0.0188032
256 0.452127 0.0155579
261 0.453083 0.0121668
266 0.453488 0.0236002
271 0.452577 0.0555344
276 0.452739 0.0235799
281 0.450049 0.0216311
286 0.450178 0.0280245
291 0.448841 0.0438781
296 0.446945 0.0295924
301 0.447042 0.0442995
306 0.448687 0.0318734
311 0.450964 0.0418564
316 0.453257 0.0354064
321 0.450519 0.0972612
326 0.450798 0.0700875
331 0.451296 0.0563933
336 0.451317 0.0292764
341 0.452897 0.0174945
346 0.450766 0.023981
351 0.452066 0.0250587
356 0.453525 0.025946
361 0.454291 0.0217122
366 0.454846 0.0177417
371 0.452856 0.0202658
376 0.452856 0.0163236
381 0.453221 0.0152581
386 0.45342 0.0216149
391 0.453164 0.0497529
396 0.453124 0.061794
401 0.458326 0.056134
406 0.467012 0.0594441
411 0.464229 0.0606555
416 0.451329 0.0939916
421 0.452978 0.141942
426 0.463966 0.144701
431 0.475128 0.18804
436 0.481707 0.231177
441 0.476226 0.254428
446 0.481124 0.259339
451 0.47691 0.27452
456 0.490143 0.279037
461 0.498708 0.280305
466 0.501207 0.282489
471 0.502492 0.298845
476 0.503347 0.290876
481 0.501706 0.28554
486 0.501852 0.273037
491 0.503877 0.272863
496 0.502208 0.254133
501 0.50327 0.00993842
506 0.511186 0.0405761
511 0.514995 0.0517867
516 0.521153 0.0828742
521 0.52644 0.0869257
526 0.527449 0.0707155
531 0.528673 0.0793858
536 0.527725 0.0856211
541 0.533579 0.100324
546 0.536042 0.106531
551 0.540171 0.105514
556 0.540945 0.10547
561 0.542448 0.108107
566 0.541338 0.250397
571 0.541346 0.126262
576 0.545256 0.0292156
581 0.552856 0.0425087
586 0.559209 0.0482416
591 0.565785 0.0602099
596 0.569605 0.0760838
601 0.576509 0.0738919
606 0.58144 0.0802609
611 0.589689 0.0820476
616 0.597772 0.0941617
621 0.605024 0.121716
626 0.611693 0.111887
631 0.615639 0.116623
636 0.61653 0.122458
641 0.616976 0.0714691
646 0.617004 0.102589
651 0.618957 0.0594927
656 0.61931 0.0567418
661 0.620995 0.0741147
666 0.624103 0.0836926
671 0.622916 0.086006
676 0.62418 0.0934527
681 0.626124 0.106835
686 0.627251 0.105372
691 0.627129 0.108524
696 0.628531 0.171238
701 0.629248 0.131144
706 0.628511 0.0847136
711 0.630435 0.108686
716 0.632558 0.0757718
721 0.632173 0.149015
726 0.63347 0.121181
731 0.633437 0.0936715
736 0.633089 0.112309
741 0.633786 0.0118102
746 0.634539 0.14827
751 0.63708 0.0107447
756 0.636812 0.086873
761 0.636954 0.0511304
766 0.634065 0.0333928
771 0.634892 0.0601856
776 0.635074 0.107552
781 0.634961 0.0289968
786 0.635921 0.017454
791 0.635864 0.013362
796 0.636581 0.0175877
801 0.639069 0.0222146
806 0.640779 0.0323515
811 0.641674 0.0550968
816 0.647889 0.0638441
821 0.658873 0.122915
826 0.671352 0.0457054
831 0.681282 0.0313791
836 0.678819 0.0276274
841 0.68035 0.0267766
846 0.684321 0.0910785
851 0.687854 0.02563
856 0.687651 0.0393647
861 0.686914 0.0256746
866 0.686407 0.0485536
871 0.683531 0.0738716
876 0.687513 0.039547
881 0.684827 0.0462078
886 0.683899 0.0341828
891 0.684624 0.0192002
896 0.686557 0.032311
901 0.687533 0.0200551
906 0.682554 0.103257
911 0.682931 0.0188842
916 0.681448 0.0133701
921 0.679459 0.0192245
926 0.679872 0.00618264
931 0.677226 0.114768
936 0.679528 0.0180901
941 0.683733 0.0166842
946 0.685228 0.0225995
951 0.684122 0.0288834
956 0.684835 0.0706304
961 0.684949 0.0550036
966 0.684876 0.0547565
971 0.686529 0.0191678
976 0.687813 0.0190665
981 0.685038 0.0416944
986 0.684373 0.0342517
991 0.683956 0.0275585
996 0.683689 0.0128798
1001 0.683952 0.021384
1006 0.68319 0.035536
1011 0.681813 0.0405275
1016 0.680986 0.0309659
1021 0.679228 0.0321732
1026 0.678567 0.0320801
1031 0.676671 0.0295397
1036 0.672142 0.0491654
1041 0.671287 0.0428693
1046 0.672753 0.0347136
1051 0.673641 0.0345353
1056 0.672822 0.0401791
1061 0.67025 0.06258
1066 0.669233 0.027907
1071 0.668127 0.0268414
1076 0.671121 0.0255044
1081 0.670128 0.0283364
1086 0.67563 0.0921522
1091 0.677891 0.0274613
1096 0.681298 0.0248521
1101 0.679718 0.0299571
1106 0.678932 0.0290617
1111 0.675201 0.0861113
1116 0.674544 0.0407584
1121 0.673122 0.0327121
1126 0.67281 0.0312333
1131 0.67708 0.0302974
1136 0.672389 0.0469289
1141 0.677802 0.0462928
1146 0.67629 0.0347419
1151 0.671745 0.0282149
1156 0.667495 0.0296937
1161 0.66963 0.0575885
1166 0.67219 0.0459971
1171 0.668848 0.0461713
1176 0.66826 0.0482619
1181 0.671084 0.0395146
1186 0.685256 0.0565878
1191 0.686277 0.025318
1196 0.687448 0.0169921
1201 0.689985 0.0217973
1206 0.68332 0.0291792
1211 0.677656 0.102917
1216 0.678097 0.0204359
1221 0.680549 0.0813022
1226 0.680257 0.0374402
1231 0.679248 0.0277368
1236 0.676132 0.0450895
1241 0.67708 0.0310915
1246 0.683847 0.0263228
1251 0.685265 0.0285714
1256 0.683401 0.0265943
1261 0.676343 0.0440483
1266 0.676226 0.0214367
1271 0.676448 0.0223604
1276 0.680654 0.026335
1281 0.680301 0.0360019
1286 0.679143 0.0570537
1291 0.680541 0.0327607
1296 0.68298 0.0429868
1301 0.680301 0.0342314
1306 0.677016 0.0364679
1311 0.667997 0.0313872
1316 0.665951 0.0328053
1321 0.664711 0.0282514
1326 0.666798 0.0265497
1331 0.666948 0.0151082
1336 0.661069 0.100559
1341 0.659882 0.0585082
1346 0.660226 0.0459039
1351 0.662754 0.0421198
1356 0.667409 0.0451665
1361 0.668191 0.060453
1366 0.66993 0.0464022
1371 0.674078 0.0461875
1376 0.674824 0.0379994
1381 0.675853 0.0306661
1386 0.672336 0.0568147
1391 0.671955 0.0284823
1396 0.674419 0.0294628
1401 0.675671 0.0170083
1406 0.676193 0.0234989
1411 0.678904 0.0344462
1416 0.681035 0.0317397
1421 0.680605 0.067766
1426 0.681792 0.1223
1431 0.68321 0.138088
1436 0.688186 0.163974
1441 0.690284 0.249652
1446 0.696998 0.251916
1451 0.708857 0.176201
1456 0.718499 0.368937
1461 0.732092 0.377741
1466 0.737797 0.375318
1471 0.7362 0.360319
1476 0.734787 0.206673
1481 0.736245 0.28099
1486 0.741443 0.216628
1491 0.741715 0.378353
1496 0.745175 0.447703
1501 0.744146 0.303505
1506 0.746949 0.320541
1511 0.747897 0.626327
1516 0.731205 0.602945
1521 0.728024 0.412159
1526 0.697622 0.470934
1531 0.684373 0.546929
1536 0.681286 0.596094
1541 0.677303 0.567126
1546 0.66365 0.589879
1551 0.638822 0.635431
1556 0.6333 0.594105
1561 0.635094 0.671728
1566 0.635601 0.669861
1571 0.629418 0.66632
1576 0.623689 0.674953
1581 0.631079 0.654108
1586 0.653549 0.495596
1591 0.668074 0.549408
1596 0.690803 0.645231
1601 0.695438 0.663739
1606 0.700316 0.679029
1611 0.699238 0.718187
1616 0.67371 0.691557
1621 0.63349 0.667709
1626 0.617596 0.68727
1631 0.640989 0.631444
1636 0.667296 0.640876
1641 0.664869 0.64906
1646 0.663978 0.583591
1651 0.67343 0.620922
1656 0.667357 0.610704
1661 0.657787 0.596362
1666 0.647354 0.500353
1671 0.66506 0.566482
1676 0.677473 0.60752
1681 0.676355 0.568345
1686 0.67894 0.532299
1691 0.687343 0.55737
1696 0.691314 0.33806
1701 0.700219 0.615631
1706 0.701661 0.588943
1711 0.683668 0.585702
1716 0.659363 0.563022
1721 0.621258 0.573819
1726 0.616178 0.544701
1731 0.583356 0.521356
1736 0.540418 0.550883
1741 0.530034 0.514622
1746 0.527939 0.539758
1751 0.512499 0.55265
1756 0.507119 0.392675
1761 0.518823 0.527615
1766 0.535872 0.507779
1771 0.544328 0.516401
1776 0.553833 0.530605
1781 0.552986 0.516024
1786 0.553359 0.334705
1791 0.524479 0.453249
1796 0.496082 0.436411
1801 0.495203 0.434916
1806 0.516911 0.477307
1811 0.542505 0.466684
1816 0.526744 0.473073
1821 0.521015 0.461766
1826 0.503966 0.475156
1831 0.502046 0.458293
1836 0.476987 0.432554
1841 0.460635 0.425865
1846 0.463099 0.417657
1851 0.455587 0.327522
1856 0.440357 0.28759
1861 0.421113 0.27279
1866 0.412446 0.256021
1871 0.408184 0.264346
1876 0.398136 0.204497
1881 0.402945 0.349874
1886 0.456004 0.366174
1891 0.481128 0.358541
1896 0.471279 0.417033
1901 0.460441 0.431249
1906 0.484009 0.409063
1911 0.490904 0.44263
1916 0.460757 0.415282
1921 0.437185 0.446957
1926 0.429673 0.405575
1931 0.441796 0.344182
1936 0.452087 0.225991
1941 0.45993 0.274747
1946 0.45664 0.250656
1951 0.430459 0.264055
1956 0.411879 0.145009
1961 0.391792 0.144774
1966 0.361365 0.0849485
1971 0.322571 0.0354064
1976 0.303363 0.0234017
1981 0.303379 0.0243659
1986 0.309314 0.0251681
1991 0.312187 0.0179848
1996 0.313678 0.00845961
2001 0.317653 0.0249048
2006 0.31903 0.0503241
2011 0.36068 0.115513
2016 0.370788 0.182935
2021 0.3827 0.2107
2026 0.400924 0.311968
2031 0.40767 0.271927
2036 0.408715 0.305129
2041 0.402723 0.337072
2046 0.408002 0.347796
2051 0.423146 0.286909
2056 0.417085 0.245863
2061 0.394364 0.180484
2066 0.364853 0.148659
2071 0.354955 0.0811158
2076 0.341249 0.0709464
2081 0.320748 0.0217162
2086 0.324269 0.0343773
2091 0.324224 0.0218094
2096 0.324305 0.0130824
2101 0.32467 0.0434284
2106 0.319626 0.0522729
2111 0.335581 0.0737542
2116 0.354546 0.0995462
2121 0.369743 0.146285
2126 0.382445 0.174949
2131 0.396418 0.2478
2136 0.418224 0.230249
2141 0.443202 0.268204
2146 0.448545 0.272004
2151 0.432287 0.281598
2156 0.429673 0.278259
2161 0.453561 0.23947
2166 0.459768 0.233109
2171 0.476647 0.142156
2176 0.47954 0.204327
2181 0.455721 0.281764
2186 0.409229 0.16333
2191 0.364464 0.124038
2196 0.342472 0.0903411
2201 0.331059 0.0422535
2206 0.327798 0.0362045
2211 0.321198 0.0218013
2216 0.318086 0.0109716
2221 0.318321 0.0123612
2226 0.318921 0.0140507
2231 0.319824 0.00624747
2236 0.3173 0.0221578
2241 0.31871 0.0129041
2246 0.319058 0.0145612
2251 0.320963 0.0199903
2256 0.321818 0.0218823
2261 0.320416 0.0294425
2266 0.3236 0.0243335
2271 0.325294 0.0720606
2276 0.33682 0.132497
2281 0.357949 0.164825
2286 0.336083 0.168305
2291 0.326647 0.176764
2296 0.345985 0.195985
2301 0.369654 0.194012
2306 0.403189 0.202196
2311 0.37892 0.213524
2316 0.358083 0.171052
2321 0.349097 0.156985
2326 0.346487 0.159558
2331 0.350126 0.132315
2336 0.331395 0.0848797
2341 0.328827 0.0931448
2346 0.322883 0.0731869
2351 0.323398 0.0665384
2356 0.323069 0.050547
2361 0.32503 0.0466008
2366 0.323754 0.0468925
2371 0.321578 0.0600964
2376 0.321878 0.0468763
2381 0.316571 0.0519366
2386 0.330439 0.0691921
2391 0.346909 0.0958877
2396 0.360891 0.108135
2401 0.376193 0.157155
2406 0.366247 0.136338
2411 0.36805 0.127052
2416 0.351369 0.12264
2421 0.346581 0.100875
2426 0.329499 0.0557653
2431 0.312548 0.0138441
2436 0.327356 0.0195365
2441 0.325715 0.0644032
2446 0.34368 0.0942509
2451 0.364014 0.0865124
2456 0.355543 0.100519
2461 0.351819 0.121615
2466 0.333101 0.0811806
2471 0.32582 0.058176
2476 0.322113 0.0414877
2481 0.321157 0.0312779
2486 0.32781 0.0354388
2491 0.328357 0.0450976
2496 0.328292 0.0522567
2501 0.327773 0.0414026
2506 0.327692 0.066117
2511 0.327364 0.0487562
2516 0.337582 0.109853
2521 0.341273 0.138465
2526 0.351284 0.141715
2531 0.360579 0.145896
2536 0.362187 0.179131
2541 0.365898 0.162244
2546 0.372798 0.212928
2551 0.371262 0.226124
2556 0.366526 0.155964
2561 0.349299 0.0592537
2566 0.326072 0.029876
2571 0.318062 0.0155579
2576 0.318536 0.0244794
2581 0.318576 0.0701685
2586 0.316542 0.0914026
2591 0.317247 0.0426181
2596 0.318029 0.0514302
2601 0.318759 0.0143667
2606 0.318552 0.0823839
2611 0.319208 0.112937
2616 0.319391 0.00748319
2621 0.319816 0.0583988
2626 0.320399 0.00966696
2631 0.329378 0.0429544
2636 0.335005 0.0676242
2641 0.335127 0.109051
2646 0.360105 0.17734
2651 0.413435 0.245094
2656 0.420768 0.298347
2661 0.414926 0.338315
2666 0.413966 0.352544
2671 0.428332 0.338036
2676 0.445422 0.335042
2681 0.438761 0.283871
2686 0.423106 0.234892
2691 0.404894 0.203683
2696 0.389417 0.158707
2701 0.362418 0.112892
2706 0.34263 0.0875618
2711 0.338526 0.0667774
2716 0.341516 0.0801758
2721 0.343615 0.0724293
2726 0.347828 0.0741107
2731 0.354112 0.0777814
2736 0.366206 0.0738149
2741 0.379836 0.0723523
2746 0.377028 0.0789685
2751 0.371214 0.0931286
2756 0.361782 0.0946925
2761 0.368406 0.112868
2766 0.37407 0.131063
2771 0.378721 0.151159
2776 0.38755 0.151365
2781 0.398355 0.152783
2786 0.40453 0.166854
2791 0.412616 0.175748
2796 0.413427 0.167154
2801 0.417762 0.156106
2806 0.419455 0.139956
2811 0.415363 0.0845353
2816 0.417932 0.0706871
2821 0.417912 0.0316709
2826 0.418998 0.0348554
2831 0.419573 0.0292764
2836 0.417993 0.046228
2841 0.419395 0.029009
2846 0.41997 0.0303622
2851 0.421019 0.0385909
2856 0.420501 0.0457378
2861 0.420379 0.0370432
2866 0.422964 0.0350498
2871 0.423916 0.192707
2876 0.423009 0.037655
2881 0.42123 0.0413702
2886 0.417632 0.0614172
2891 0.425363 0.0606029
2896 0.424127 0.0558261
2901 0.417219 0.0549429
2906 0.412296 0.0574224
2911 0.413978 0.066271
2916 0.413378 0.0556722
2921 0.411101 0.0644721
2926 0.409626 0.0587351
2931 0.413443 0.0653067
2936 0.417231 0.0913176
2941 0.423394 0.0760878
2946 0.429195 0.0587473
2951 0.428551 0.072166
2956 0.42928 0.0858196
2961 0.44184 0.10519
2966 0.453338 0.128693
2971 0.458464 0.143526
2976 0.464902 0.168799
2981 0.469111 0.177992
2986 0.478316 0.205899
2991 0.494174 0.261324
2996 0.506568 0.254019
3001 0.537837 0.287878
3006 0.542788 0.319107
3011 0.544571 0.3283
3016 0.552407 0.345349
3021 0.572595 0.313305
3026 0.589146 0.197192
3031 0.607285 0.160534
3036 0.627263 0.158407
3041 0.633441 0.166745
3046 0.638388 0.157552
3051 0.644247 0.147768
3056 0.648627 0.148789
3061 0.649801 0.153691
3066 0.657743 0.146892
3071 0.657447 0.173843
3076 0.654959 0.156624
3081 0.656746 0.147537
3086 0.665983 0.147496
3091 0.66702 0.120922
3096 0.67219 0.130861
3101 0.676558 0.146726
3106 0.678559 0.155709
3111 0.683725 0.135779
3116 0.682072 0.100348
3121 0.68193 0.105777
3126 0.685107 0.112726
3131 0.68505 0.120979
3136 0.685212 0.0555668
3141 0.685491 0.0726481
3146 0.684041 0.0794992
3151 0.682773 0.0802771
3156 0.683486 0.0764525
3161 0.68928 0.120282
3166 0.688319 0.102885
3171 0.687764 0.0790374
3176 0.688141 0.0809497
3181 0.687562 0.0941577
3186 0.68584 0.126781
3191 0.688554 0.114569
3196 0.687732 0.0192651
3201 0.685536 0.0792116
3206 0.684697 0.0900413
3211 0.682854 0.0786606
3216 0.683907 0.0416741
3221 0.683032 0.0854388
3226 0.683851 0.0185317
3231 0.685175 0.0355725
3236 0.686808 0.0807795
3241 0.68695 0.035613
3246 0.686674 0.0324123
3251 0.686881 0.0305688
3256 0.684977 0.0326999
3261 0.684584 0.0306499
3266 0.683863 0.040329
3271 0.68473 0.0186978
3276 0.688044 0.0265902
3281 0.689182 0.0290657
3286 0.688627 0.0697391
3291 0.687396 0.00783567
3296 0.687935 0.0162548
3301 0.686837 0.0143789
3306 0.686444 0.0302204
3311 0.686792 0.0556073
3316 0.685451 0.041743
3321 0.684641 0.0409651
3326 0.68695 0.0517179
3331 0.686326 0.055814
3336 0.684073 0.0831213
3341 0.684511 0.0676404
3346 0.683591 0.0618548
3351 0.681108 0.0480431
3356 0.684786 0.0524471
3361 0.681331 0.0702577
3366 0.678563 0.0515517
3371 0.677182 0.0507495
3376 0.677259 0.0314399
3381 0.676359 0.0278422
3386 0.674982 0.0818208
3391 0.677303 0.0287456
3396 0.677818 0.0286119
3401 0.678608 0.0212868
3406 0.678584 0.0164087
3411 0.676226 0.0405194
3416 0.675452 0.0332064
3421 0.675707 0.0458715
3426 0.67578 0.0330362
3431 0.676716 0.0366421
3436 0.690831 0.114922
3441 0.69163 0.0113078
3446 0.69312 0.0330322
3451 0.694887 0.0379994
3456 0.69609 0.0275707
3461 0.696722 0.0591079
3466 0.696143 0.0217122
3471 0.697221 0.0192164
3476 0.698067 0.0189207
3481 0.697962 0.0189288
3486 0.697371 0.0272425
3491 0.699656 0.0976704
3496 0.702792 0.0563731
3501 0.703513 0.00740621
3506 0.703804 0.0274411
3511 0.700109 0.0571185
3516 0.698546 0.0211733
3521 0.698866 0.0466615
3526 0.699327 0.0617089
3531 0.699716 0.0712868
3536 0.694304 0.157536
3541 0.695073 0.134932
3546 0.696876 0.00938336
3551 0.69682 0.0200024
3556 0.69684 0.0196743
3561 0.695896 0.0337331
3566 0.695641 0.0209626
3571 0.694968 0.0538206
3576 0.695851 0.0462847
3581 0.696418 0.0239689
3586 0.695989 0.0206385
3591 0.69652 0.0167126
3596 0.692537 0.0348797
3601 0.69372 0.0108217
3606 0.697225 0.0171339
3611 0.697334 0.00727251
3616 0.698286 0.0157767
3621 0.700182 0.0469168
3626 0.69562 0.0267158
3631 0.694802 0.0340937
3636 0.69577 0.0339235
3641 0.697597 0.0293291
3646 0.699433 0.0304919
3651 0.701876 0.0243376
3656 0.70348 0.0215339
3661 0.70438 0.0138036
3666 0.70628 0.0169881
3671 0.70395 0.0238311
3676 0.702913 0.0274978
3681 0.702893 0.026019
3686 0.705068 0.0222753
3691 0.703152 0.0298355
3696 0.697589 0.0719148
3701 0.696269 0.0796816
3706 0.697452 0.0706466
3711 0.699356 0.0718661
3716 0.700199 0.0649745
3721 0.698602 0.10536
3726 0.697743 0.0696621
3731 0.698084 0.0773965
3736 0.69844 0.0674419
3741 0.697415 0.078539
3746 0.692172 0.116239
3751 0.691986 0.0992869
3756 0.691678 0.0860668
3761 0.691062 0.0114294
3766 0.689142 0.0157078
3771 0.685431 0.0294628
3776 0.686918 0.0369703
3781 0.69184 0.0471923
3786 0.69308 0.0383113
3791 0.694474 0.0360344
3796 0.694081 0.0612187
3801 0.69481 0.0669516
3806 0.696491 0.0733166
3811 0.709602 0.0825825
3816 0.730407 0.098424
3821 0.758569 0.113313
3826 0.758776 0.0148367
3831 0.761863 0.0131067
3836 0.763455 0.0192488
3841 0.763257 0.0209748
3846 0.768657 0.0358845
3851 0.768426 0.0238595
3856 0.767045 0.0255166
3861 0.766656 0.028928
3866 0.765205 0.0434365
3871 0.767912 0.0733085
3876 0.766344 0.0531521
3881 0.765793 0.0274532
3886 0.763058 0.0271331
3891 0.762993 0.0337007
3896 0.763277 0.0382343
3901 0.762815 0.0357548
3906 0.764946 0.0443441
3911 0.763897 0.0253018
3916 0.758861 0.0265254
3921 0.757905 0.0542987
3926 0.757159 0.0218256
3931 0.757058 0.0322421
3936 0.76025 0.0328134
3941 0.759598 0.0261891
3946 0.762722 0.0481039
3951 0.760874 0.0125598
3956 0.76177 0.0403817
3961 0.761288 0.018787
3966 0.763492 0.0235151
3971 0.769204 0.0918321
3976 0.767725 0.0207722
3981 0.764334 0.0233085
3986 0.764541 0.0286322
3991 0.766611 0.0223645
3996 0.766218 0.0841828
4001 0.762535 0.0275991
4006 0.762442 0.0230654
4011 0.762211 0.0112592
4016 0.766559 0.0141155
4021 0.765923 0.0381979
4026 0.763666 0.0308403
4031 0.76525 0.0179605
4036 0.765663 0.0240985
4041 0.762414 0.0230735
4046 0.749425 0.040961
4051 0.751228 0.0492343
4056 0.751094 0.0550077
4061 0.754116 0.0134673
4066 0.762345 0.0231788
4071 0.773681 0.0502066
4076 0.771842 0.0148651
4081 0.773985 0.0166923
4086 0.773511 0.0245604
4091 0.771015 0.030034
4096 0.770189 0.0721538
4101 0.768386 0.0914391
4106 0.765963 0.0765173
4111 0.76745 0.0581436
4116 0.765967 0.00820841
4121 0.767118 0.0348351
4126 0.769905 0.0366502
4131 0.773272 0.0661211
4136 0.773722 0.210453
4141 0.772968 0.219042
4146 0.779382 0.259703
4151 0.777206 0.257297
4156 0.773689 0.28161
4161 0.770213 0.205826
4166 0.771267 0.263269
4171 0.771963 0.130293
4176 0.778989 0.130938
4181 0.786407 0.161644
4186 0.794069 0.209724
4191 0.797127 0.175893
4196 0.79731 0.15192
4201 0.793331 0.240961
4206 0.785398 0.234811
4211 0.782493 0.343639
4216 0.781513 0.558075
4221 0.7736 0.604607
4226 0.77661 0.564484
4231 0.787651 0.465035
4236 0.778397 0.568949
4241 0.759712 0.563127
4246 0.735102 0.584868
4251 0.698699 0.60361
4256 0.658229 0.51638
4261 0.643202 0.505295
4266 0.646054 0.527218
4271 0.645531 0.52155
4276 0.641885 0.440037
4281 0.636217 0.523418
4286 0.644206 0.641411
4291 0.663131 0.591249
4296 0.660587 0.567657
4301 0.664804 0.664249
4306 0.64513 0.647622
4311 0.628365 0.670918
4316 0.628782 0.739661
4321 0.635216 0.713471
4326 0.630147 0.713127
4331 0.613496 0.453817
4336 0.61008 0.688745
4341 0.620262 0.641946
4346 0.642298 0.702176
4351 0.63917 0.660737
4356 0.633725 0.689656
4361 0.623778 0.666935
4366 0.594012 0.612082
4371 0.594842 0.623159
4376 0.608318 0.604991
4381 0.627372 0.466332
4386 0.642014 0.294052
4391 0.644838 0.514124
4396 0.632886 0.575541
4401 0.618066 0.573864
4406 0.590082 0.476906
4411 0.557029 0.545361
4416 0.568345 0.589118
4421 0.587104 0.57488
4426 0.609452 0.5877
4431 0.605348 0.573608
4436 0.609104 0.44007
4441 0.604015 0.545292
4446 0.593048 0.643789
4451 0.582181 0.572672
4456 0.588915 0.600741
4461 0.592278 0.60929
4466 0.595296 0.557378
4471 0.57123 0.499494
4476 0.55062 0.557524
4481 0.518029 0.538895
4486 0.481983 0.529556
4491 0.469609 0.433725
4496 0.463212 0.527032
4501 0.506094 0.481197
4506 0.549489 0.357451
4511 0.598298 0.573013
4516 0.644948 0.539162
4521 0.663277 0.519002
4526 0.686974 0.506596
4531 0.701442 0.520663
4536 0.705133 0.525666
4541 0.685901 0.549271
4546 0.647132 0.576027
4551 0.621862 0.52909
4556 0.60314 0.618353
4561 0.577741 0.629912
4566 0.589243 0.559513
4571 0.604987 0.527899
4576 0.598319 0.531258
4581 0.590827 0.608998
4586 0.593396 0.45865
4591 0.599064 0.45532
4596 0.601888 0.577785
4601 0.603383 0.507645
4606 0.609748 0.433312
4611 0.608832 0.481201
4616 0.598084 0.450502
4621 0.590722 0.463548
4626 0.557216 0.453646
4631 0.545353 0.448327
4636 0.556928 0.479187
4641 0.570424 0.503715
4646 0.581399 0.487104
4651 0.583178 0.52896
4656 0.57973 0.527048
4661 0.549789 0.486322
4666 0.529467 0.395645
4671 0.53428 0.334458
4676 0.532319 0.383737
4681 0.510109 0.318848
4686 0.48949 0.319597
4691 0.476307 0.372356
4696 0.46602 0.355648
4701 0.476809 0.399084
4706 0.482177 0.395774
4711 0.47546 0.390722
4716 0.473823 0.453869
4721 0.505522 0.433855
4726 0.524447 0.486124
4731 0.515829 0.388506
4736 0.513046 0.464618
4741 0.510036 0.459375
4746 0.48494 0.402403
4751 0.475865 0.412296
4756 0.463018 0.417766
4761 0.456405 0.349137
4766 0.438319 0.2802
4771 0.417077 0.276805
4776 0.395458 0.242922
4781 0.3811 0.190017
4786 0.353654 0.153881
4791 0.325452 0.0762823
4796 0.313702 0.025318
4801 0.3132 0.0743902
4806 0.313953 0.110376
4811 0.31508 0.113723
4816 0.31679 0.104611
4821 0.318041 0.0594239
4826 0.318629 0.0256584
4831 0.31871 0.103395
4836 0.318961 0.111162
4841 0.31963 0.01085
4846 0.31997 0.00517786
4851 0.320306 0.00338303
4856 0.320934 0.00587878
4861 0.319913 0.014383
4866 0.319889 0.00593145
4871 0.320217 0.00641358
4876 0.320067 0.00376388
4881 0.320278 0.00309537
4886 0.319537 0.0881655
4891 0.319626 0.00176242
4896 0.319646 0.00412851
4901 0.319601 0.00798152
4906 0.319553 0.0107042
4911 0.319435 0.0143465
4916 0.322672 0.0154485
4921 0.341006 0.0398104
4926 0.359756 0.0856251
4931 0.378794 0.129892
4936 0.377348 0.172636
4941 0.374038 0.184252
4946 0.389669 0.184393
4951 0.394166 0.155494
4956 0.386796 0.186606
4961 0.381428 0.167802
4966 0.365258 0.144705
4971 0.374722 0.153634
4976 0.369609 0.144271
4981 0.369711 0.136756
4986 0.363998 0.174289
4991 0.374192 0.187205
4996 0.387789 0.192436
5001 0.383498 0.181687
5006 0.382437 0.185884
5011 0.365663 0.135256
5016 0.345831 0.0993761
5021 0.334839 0.0623774
5026 0.330277 0.0615145
5031 0.327636 0.0315331
5036 0.32783 0.0450895
5041 0.328916 0.047642
5046 0.324086 0.0808403
5051 0.320918 0.0577263
5056 0.343955 0.109554
5061 0.349494 0.119111
5066 0.351531 0.16916
5071 0.363123 0.226918
5076 0.377943 0.195341
5081 0.391257 0.219954
5086 0.370124 0.193676
5091 0.356632 0.205498
5096 0.381833 0.16538
5101 0.376509 0.201645
5106 0.365562 0.181853
5111 0.36852 0.16025
5116 0.374147 0.125865
5121 0.34432 0.0697269
5126 0.321015 0.0175026
5131 0.320266 0.024532
5136 0.319893 0.0283607
5141 0.319897 0.114703
5146 0.320598 0.101937
5151 0.320655 0.0293291
5156 0.320703 0.0681711
5161 0.319707 0.0739162
5166 0.320197 0.0483429
5171 0.32057 0.0543554
5176 0.320825 0.079876
5181 0.321145 0.0912487
5186 0.321181 0.0881168
5191 0.321331 0.0543068
5196 0.319164 0.0930557
5201 0.320197 0.0916012
5206 0.320715 0.0636172
5211 0.320942 0.0418686
5216 0.321339 0.0719634
5221 0.319289 0.0999959
5226 0.319917 0.0616482
5231 0.321145 0.0347176
5236 0.321429 0.0697431
5241 0.321818 0.0859007
5246 0.320926 0.0856657
5251 0.321457 0.109327
5256 0.321558 0.00845961
5261 0.326687 0.0340329
5266 0.344895 0.0789887
5271 0.336991 0.0870229
5276 0.330917 0.093635
5281 0.320424 0.103594
5286 0.317397 0.140382
5291 0.327526 0.162175
5296 0.350871 0.169715
5301 0.363816 0.203513
5306 0.357901 0.222887
5311 0.355543 0.207921
5316 0.352674 0.0958917
5321 0.346771 0.0596791
5326 0.35421 0.0825136
5331 0.365465 0.0988291
5336 0.380459 0.131083
5341 0.391974 0.139515
5346 0.403448 0.131809
5351 0.413787 0.137983
5356 0.434697 0.171473
5361 0.45583 0.147431
5366 0.455247 0.197541
5371 0.453614 0.205599
5376 0.455368 0.188206
5381 0.451049 0.19148
5386 0.450012 0.210445
5391 0.459335 0.208419
5396 0.465675 0.21841
5401 0.467312 0.222595
5406 0.477097 0.128863
5411 0.487853 0.105413
5416 0.49259 0.146078
5421 0.499648 0.141942
5426 0.522417 0.129645
5431 0.532149 0.154769
5436 0.533697 0.192492
5441 0.535613 0.204218
5446 0.525363 0.241601
5451 0.530257 0.246394
5456 0.530682 0.188295
5461 0.529657 0.188255
5466 0.517948 0.188137
5471 0.513929 0.180788
5476 0.515335 0.166595
5481 0.526262 0.119366
5486 0.530314 0.108642
5491 0.541326 0.121708
5496 0.54626 0.12956
5501 0.551621 0.150138
5506 0.565481 0.145361
5511 0.575646 0.131294
5516 0.57956 0.114918
5521 0.584965 0.151953
5526 0.590584 0.131752
5531 0.606077 0.0526092
5536 0.619253 0.178174
5541 0.628815 0.0760797
5546 0.636298 0.0764322
5551 0.639823 0.0794628
5556 0.642598 0.0795884
5561 0.64199 0.0964792
5566 0.645401 0.0965481
5571 0.64682 0.133016
5576 0.6519 0.144769
5581 0.654538 0.155757
5586 0.658873 0.141913
5591 0.663929 0.137149
5596 0.668775 0.144765
5601 0.67168 0.11585
5606 0.675124 0.101292
5611 0.678499 0.0641763
5616 0.682129 0.0579653
5621 0.684025 0.07783
5626 0.683883 0.0642736
5631 0.682846 0.0480107
5636 0.685042 0.06384
5641 0.69009 0.0749088
5646 0.721745 0.0998947
5651 0.724658 0.0785228
5656 0.728515 0.0622032
5661 0.731314 0.0688518
5666 0.733417 0.0747184
5671 0.7434 0.144709
5676 0.74353 0.0477109
5681 0.744409 0.0179969
5686 0.743939 0.0512317
5691 0.744174 0.0275666
5696 0.744664 0.00969532
5701 0.753391 0.106215
5706 0.756758 0.0810469
5711 0.762203 0.0253059
5716 0.769893 0.067924
5721 0.779738 0.165765
5726 0.779252 0.0561948
5731 0.77849 0.0173568
5736 0.779208 0.0122478
