frame_number static_density dynamic_density
1 0.0698363 0.0981079
6 0.0733531 0.103172
11 0.0866623 0.0457986
16 0.0935378 0.0619966
21 0.0979459 0.0644599
26 0.104157 0.0722956
31 0.110177 0.0729965
36 0.112649 0.0884369
41 0.115124 0.0888056
46 0.117474 0.100154
51 0.1189 0.0833036
56 0.129268 0.0745523
61 0.135013 0.0268293
66 0.128215 0.0326594
71 0.121485 0.0136091
76 0.126141 0.0233895
81 0.135038 0.0314035
86 0.153889 0.0633822
91 0.174054 0.0742565
96 0.182846 0.0822948
101 0.185617 0.0889109
106 0.178616 0.0855603
111 0.183255 0.090491
116 0.193453 0.100766
121 0.195466 0.12719
126 0.198371 0.12597
131 0.202751 0.132096
136 0.209772 0.146905
141 0.216174 0.153391
146 0.217041 0.157568
151 0.215201 0.13441
156 0.210287 0.142079
161 0.205036 0.137627
166 0.201689 0.134754
171 0.198955 0.125764
176 0.197739 0.120906
181 0.197597 0.111089
186 0.196325 0.0905032
191 0.195345 0.0884369
196 0.196435 0.0522567
201 0.196228 0.0286363
206 0.196552 0.0231059
211 0.196706 0.0290576
216 0.19573 0.032546
221 0.197942 0.0673649
226 0.197204 0.0261
231 0.19701 0.0247225
236 0.19808 0.0284215
241 0.195572 0.0261243
246 0.194713 0.0193988
251 0.19451 0.0188032
256 0.194121 0.0155579
261 0.194405 0.0121668
266 0.194101 0.0236002
271 0.19308 0.0555344
276 0.194903 0.0235799
281 0.203205 0.0216311
286 0.213281 0.0280245
291 0.211352 0.0438781
296 0.205312 0.0295924
301 0.199303 0.0442995
306 0.197156 0.0318734
311 0.198339 0.0418564
316 0.19684 0.0354064
321 0.19558 0.0972612
326 0.196159 0.0700875
331 0.196054 0.0563933
336 0.196078 0.0292764
341 0.197642 0.0174945
346 0.200276 0.023981
351 0.200405 0.0250587
356 0.200385 0.025946
361 0.200413 0.0217122
366 0.199761 0.0177417
371 0.197796 0.0202658
376 0.196872 0.0163236
381 0.196678 0.0152581
386 0.202054 0.0216149
391 0.207475 0.0497529
396 0.211324 0.061794
401 0.213374 0.056134
406 0.22249 0.0594441
411 0.239203 0.0606555
416 0.260878 0.0939916
421 0.275257 0.141942
426 0.295928 0.144701
431 0.313881 0.18804
436 0.330006 0.231177
441 0.335775 0.254428
446 0.342278 0.259339
451 0.350879 0.27452
456 0.357674 0.279037
461 0.363881 0.280305
466 0.366202 0.282489
471 0.369994 0.298845
476 0.369476 0.290876
481 0.369002 0.28554
486 0.369816 0.273037
491 0.37042 0.272863
496 0.369869 0.254133
501 0.375958 0.00993842
506 0.396001 0.0405761
511 0.41354 0.0517867
516 0.421858 0.0828742
521 0.443064 0.0869257
526 0.454197 0.0707155
531 0.460044 0.0793858
536 0.464087 0.0856211
541 0.468301 0.100324
546 0.466449 0.106531
551 0.462244 0.105514
556 0.460404 0.10547
561 0.45897 0.108107
566 0.454821 0.250397
571 0.458557 0.126262
576 0.464399 0.0292156
581 0.473795 0.0425087
586 0.481724 0.0482416
591 0.490665 0.0602099
596 0.514002 0.0760838
601 0.532449 0.0738919
606 0.544056 0.0802609
611 0.568406 0.0820476
616 0.577858 0.0941617
621 0.588599 0.121716
626 0.59197 0.111887
631 0.595369 0.116623
636 0.59778 0.122458
641 0.598035 0.0714691
646 0.597614 0.102589
651 0.600636 0.0594927
656 0.602034 0.0567418
661 0.602962 0.0741147
666 0.604647 0.0836926
671 0.605231 0.086006
676 0.60709 0.0934527
681 0.610015 0.106835
686 0.611531 0.105372
691 0.610696 0.108524
696 0.614063 0.171238
701 0.61333 0.131144
706 0.613864 0.0847136
711 0.615858 0.108686
716 0.618167 0.0757718
721 0.623859 0.149015
726 0.624439 0.121181
731 0.624228 0.0936715
736 0.625598 0.112309
741 0.627652 0.0118102
746 0.634292 0.14827
751 0.636395 0.0107447
756 0.63746 0.086873
761 0.638976 0.0511304
766 0.638773 0.0333928
771 0.6478 0.0601856
776 0.647443 0.107552
781 0.647172 0.0289968
786 0.646491 0.017454
791 0.647816 0.013362
796 0.642027 0.0175877
801 0.639511 0.0222146
806 0.636679 0.0323515
811 0.637882 0.0550968
816 0.652759 0.0638441
821 0.67452 0.122915
826 0.70664 0.0457054
831 0.729025 0.0313791
836 0.736326 0.0276274
841 0.740467 0.0267766
846 0.754639 0.0910785
851 0.756892 0.02563
856 0.757597 0.0393647
861 0.758772 0.0256746
866 0.758379 0.0485536
871 0.758674 0.0738716
876 0.761932 0.039547
881 0.758792 0.0462078
886 0.757293 0.0341828
891 0.759051 0.0192002
896 0.757896 0.032311
901 0.75741 0.0200551
906 0.751041 0.103257
911 0.750648 0.0188842
916 0.753772 0.0133701
921 0.755328 0.0192245
926 0.755838 0.00618264
931 0.75707 0.114768
936 0.758131 0.0180901
941 0.757102 0.0166842
946 0.753399 0.0225995
951 0.752755 0.0288834
956 0.758869 0.0706304
961 0.758285 0.0550036
966 0.757418 0.0547565
971 0.756961 0.0191678
976 0.75568 0.0190665
981 0.741164 0.0416944
986 0.738486 0.0342517
991 0.744842 0.0275585
996 0.745859 0.0128798
1001 0.747468 0.021384
1006 0.740455 0.035536
1011 0.743145 0.0405275
1016 0.742598 0.0309659
1021 0.744223 0.0321732
1026 0.743643 0.0320801
1031 0.742942 0.0295397
1036 0.742108 0.0491654
1041 0.73977 0.0428693
1046 0.740645 0.0347136
1051 0.742339 0.0345353
1056 0.742185 0.0401791
1061 0.733765 0.06258
1066 0.732457 0.027907
1071 0.730731 0.0268414
1076 0.735771 0.0255044
1081 0.736626 0.0283364
1086 0.744563 0.0921522
1091 0.744915 0.0274613
1096 0.745369 0.0248521
1101 0.744579 0.0299571
1106 0.743201 0.0290617
1111 0.74541 0.0861113
1116 0.743469 0.0407584
1121 0.741731 0.0327121
1126 0.742488 0.0312333
1131 0.745256 0.0302974
1136 0.738802 0.0469289
1141 0.740746 0.0462928
1146 0.737351 0.0347419
1151 0.732056 0.0282149
1156 0.728385 0.0296937
1161 0.739766 0.0575885
1166 0.737055 0.0459971
1171 0.737173 0.0461713
1176 0.736699 0.0482619
1181 0.738664 0.0395146
1186 0.758986 0.0565878
1191 0.758427 0.025318
1196 0.759898 0.0169921
1201 0.761863 0.0217973
1206 0.759084 0.0291792
1211 0.758905 0.102917
1216 0.756559 0.0204359
1221 0.753221 0.0813022
1226 0.753274 0.0374402
1231 0.753626 0.0277368
1236 0.747464 0.0450895
1241 0.745219 0.0310915
1246 0.751916 0.0263228
1251 0.749238 0.0285714
1256 0.744194 0.0265943
1261 0.727903 0.0440483
1266 0.732745 0.0214367
1271 0.73524 0.0223604
1276 0.742359 0.026335
1281 0.741727 0.0360019
1286 0.741796 0.0570537
1291 0.740973 0.0327607
1296 0.742314 0.0429868
1301 0.744393 0.0342314
1306 0.743753 0.0364679
1311 0.733186 0.0313872
1316 0.726104 0.0328053
1321 0.719788 0.0282514
1326 0.715068 0.0265497
1331 0.71555 0.0151082
1336 0.715923 0.100559
1341 0.712454 0.0585082
1346 0.713184 0.0459039
1351 0.713978 0.0421198
1356 0.717527 0.0451665
1361 0.71474 0.060453
1366 0.716275 0.0464022
1371 0.720412 0.0461875
1376 0.720444 0.0379994
1381 0.720639 0.0306661
1386 0.712065 0.0568147
1391 0.713828 0.0284823
1396 0.716879 0.0294628
1401 0.723612 0.0170083
1406 0.727777 0.0234989
1411 0.742128 0.0344462
1416 0.742132 0.0317397
1421 0.7431 0.067766
1426 0.741694 0.1223
1431 0.742258 0.138088
1436 0.74312 0.163974
1441 0.744482 0.249652
1446 0.747107 0.251916
1451 0.750571 0.176201
1456 0.756811 0.368937
1461 0.770971 0.377741
1466 0.776538 0.375318
1471 0.78204 0.360319
1476 0.787436 0.206673
1481 0.790171 0.28099
1486 0.808484 0.216628
1491 0.813812 0.378353
1496 0.815339 0.447703
1501 0.818674 0.303505
1506 0.822421 0.320541
1511 0.831565 0.626327
1516 0.825525 0.602945
1521 0.826351 0.412159
1526 0.806061 0.470934
1531 0.797638 0.546929
1536 0.782542 0.596094
1541 0.776619 0.567126
1546 0.767535 0.589879
1551 0.746986 0.635431
1556 0.738441 0.594105
1561 0.7362 0.671728
1566 0.74526 0.669861
1571 0.742829 0.66632
1576 0.747541 0.674953
1581 0.765189 0.654108
1586 0.763394 0.495596
1591 0.750972 0.549408
1596 0.748112 0.645231
1601 0.742189 0.663739
1606 0.73509 0.679029
1611 0.734349 0.718187
1616 0.721854 0.691557
1621 0.693303 0.667709
1626 0.690548 0.68727
1631 0.709618 0.631444
1636 0.712288 0.640876
1641 0.720399 0.64906
1646 0.713014 0.583591
1651 0.697999 0.620922
1656 0.705514 0.610704
1661 0.722437 0.596362
1666 0.734199 0.500353
1671 0.750993 0.566482
1676 0.740576 0.60752
1681 0.721056 0.568345
1686 0.69699 0.532299
1691 0.702532 0.55737
1696 0.708144 0.33806
1701 0.711652 0.615631
1706 0.715671 0.588943
1711 0.686589 0.585702
1716 0.668702 0.563022
1721 0.654736 0.573819
1726 0.642695 0.544701
1731 0.599445 0.521356
1736 0.523904 0.550883
1741 0.486217 0.514622
1746 0.451856 0.539758
1751 0.400912 0.55265
1756 0.376477 0.392675
1761 0.369358 0.527615
1766 0.367373 0.507779
1771 0.377202 0.516401
1776 0.386371 0.530605
1781 0.377259 0.516024
1786 0.36444 0.334705
1791 0.339616 0.453249
1796 0.318848 0.436411
1801 0.321992 0.434916
1806 0.321732 0.477307
1811 0.309691 0.466684
1816 0.298387 0.473073
1821 0.291933 0.461766
1826 0.278584 0.475156
1831 0.263281 0.458293
1836 0.252403 0.432554
1841 0.233024 0.425865
1846 0.208018 0.417657
1851 0.180557 0.327522
1856 0.160177 0.28759
1861 0.150579 0.27279
1866 0.138672 0.256021
1871 0.16038 0.264346
1876 0.183713 0.204497
1881 0.221939 0.349874
1886 0.254801 0.366174
1891 0.286427 0.358541
1896 0.298582 0.417033
1901 0.307431 0.431249
1906 0.359314 0.409063
1911 0.358261 0.44263
1916 0.348829 0.415282
1921 0.337225 0.446957
1926 0.318418 0.405575
1931 0.291431 0.344182
1936 0.255478 0.225991
1941 0.243388 0.274747
1946 0.227259 0.250656
1951 0.17755 0.264055
1956 0.132672 0.145009
1961 0.098347 0.144774
1966 0.0647638 0.0849485
1971 0.0277935 0.0354064
1976 0.006211 0.0234017
1981 0.00736164 0.0243659
1986 0.00641763 0.0251681
1991 0.0071226 0.0179848
1996 0.00657159 0.00845961
2001 0.016194 0.0249048
2006 0.0784742 0.0503241
2011 0.153225 0.115513
2016 0.217584 0.182935
2021 0.250786 0.2107
2026 0.290467 0.311968
2031 0.309959 0.271927
2036 0.290641 0.305129
2041 0.266239 0.337072
2046 0.221813 0.347796
2051 0.203164 0.286909
2056 0.158095 0.245863
2061 0.109209 0.180484
2066 0.0733814 0.148659
2071 0.0615833 0.0811158
2076 0.0385909 0.0709464
2081 0.0146058 0.0217162
2086 0.0123329 0.0343773
2091 0.0104408 0.0218094
2096 0.01006 0.0130824
2101 0.0271818 0.0434284
2106 0.0596021 0.0522729
2111 0.103322 0.0737542
2116 0.161292 0.0995462
2121 0.21277 0.146285
2126 0.270067 0.174949
2131 0.324613 0.2478
2136 0.338457 0.230249
2141 0.338595 0.268204
2146 0.330399 0.272004
2151 0.314193 0.281598
2156 0.295252 0.278259
2161 0.285581 0.23947
2166 0.277554 0.233109
2171 0.256276 0.142156
2176 0.211879 0.204327
2181 0.156361 0.281764
2186 0.110935 0.16333
2191 0.0724941 0.124038
2196 0.0411393 0.0903411
2201 0.0195365 0.0422535
2206 0.0125638 0.0362045
2211 0.00584231 0.0218013
2216 0.00130054 0.0109716
2221 0.00113443 0.0123612
2226 0.00144235 0.0140507
2231 0.00195689 0.00624747
2236 0.00160846 0.0221578
2241 0.00200956 0.0129041
2246 0.00168139 0.0145612
2251 0.00290495 0.0199903
2256 0.00374767 0.0218823
2261 0.00442833 0.0294425
2266 0.00977636 0.0243335
2271 0.0402885 0.0720606
2276 0.0625638 0.132497
2281 0.0753586 0.164825
2286 0.0837331 0.168305
2291 0.0880358 0.176764
2296 0.0891459 0.195985
2301 0.100766 0.194012
2306 0.104631 0.202196
2311 0.0907098 0.213524
2316 0.0723645 0.171052
2321 0.0546876 0.156985
2326 0.0487076 0.159558
2331 0.0441698 0.132315
2336 0.0303501 0.0848797
2341 0.0248724 0.0931448
2346 0.0179443 0.0731869
2351 0.014464 0.0665384
2356 0.0114496 0.050547
2361 0.009906 0.0466008
2366 0.0134308 0.0468925
2371 0.0137995 0.0600964
2376 0.0147881 0.0468763
2381 0.0127542 0.0519366
2386 0.0374767 0.0691921
2391 0.0592821 0.0958877
2396 0.0675675 0.108135
2401 0.0678673 0.157155
2406 0.0737136 0.136338
2411 0.0775707 0.127052
2416 0.0596994 0.12264
2421 0.0413257 0.100875
2426 0.0190544 0.0557653
2431 0.00378819 0.0138441
2436 0.0270521 0.0195365
2441 0.0356495 0.0644032
2446 0.0441172 0.0942509
2451 0.0496151 0.0865124
2456 0.0504457 0.100519
2461 0.0577101 0.121615
2466 0.0386962 0.0811806
2471 0.0196824 0.058176
2476 0.0111053 0.0414877
2481 0.00838263 0.0312779
2486 0.0111579 0.0354388
2491 0.0134551 0.0450976
2496 0.0146463 0.0522567
2501 0.0166275 0.0414026
2506 0.0184264 0.066117
2511 0.0349485 0.0487562
2516 0.0537963 0.109853
2521 0.058804 0.138465
2526 0.0650839 0.141715
2531 0.0723361 0.145896
2536 0.0781946 0.179131
2541 0.0828985 0.162244
2546 0.0848878 0.212928
2551 0.0742241 0.226124
2556 0.0579694 0.155964
2561 0.033567 0.0592537
2566 0.00929422 0.029876
2571 0.00055506 0.0155579
2576 0.000522648 0.0244794
2581 0.000538854 0.0701685
2586 0.000749534 0.0914026
2591 0.00060773 0.0426181
2596 0.000680658 0.0514302
2601 0.000534803 0.0143667
2606 0.000530751 0.0823839
2611 0.000846771 0.112937
2616 0.000672555 0.00748319
2621 0.000676606 0.0583988
2626 0.0123572 0.00966696
2631 0.0295195 0.0429544
2636 0.0362086 0.0676242
2641 0.069419 0.109051
2646 0.110615 0.17734
2651 0.139284 0.245094
2656 0.157082 0.298347
2661 0.176505 0.338315
2666 0.159667 0.352544
2671 0.151503 0.338036
2676 0.162394 0.335042
2681 0.148258 0.283871
2686 0.131314 0.234892
2691 0.11352 0.203683
2696 0.0924803 0.158707
2701 0.064306 0.112892
2706 0.0433312 0.0875618
2711 0.0414958 0.0667774
2716 0.0447087 0.0801758
2721 0.0436391 0.0724293
2726 0.0458634 0.0741107
2731 0.0649542 0.0777814
2736 0.0782676 0.0738149
2741 0.0843975 0.0723523
2746 0.0877522 0.0789685
2751 0.0946722 0.0931286
2756 0.0985496 0.0946925
2761 0.101556 0.112868
2766 0.105859 0.131063
2771 0.107544 0.151159
2776 0.109602 0.151365
2781 0.113723 0.152783
2786 0.116956 0.166854
2791 0.119119 0.175748
2796 0.118556 0.167154
2801 0.120367 0.156106
2806 0.12189 0.139956
2811 0.120979 0.0845353
2816 0.123057 0.0706871
2821 0.123965 0.0316709
2826 0.123823 0.0348554
2831 0.123394 0.0292764
2836 0.124402 0.046228
2841 0.12469 0.029009
2846 0.123916 0.0303622
2851 0.130889 0.0385909
2856 0.135228 0.0457378
2861 0.125403 0.0370432
2866 0.125403 0.0350498
2871 0.128081 0.0447654
2876 0.127198 0.0311442
2881 0.130443 0.0437525
2886 0.133466 0.0718418
2891 0.137448 0.0578154
2896 0.135135 0.0600721
2901 0.136431 0.0508994
2906 0.136079 0.0552224
2911 0.137898 0.067608
2916 0.138684 0.0535491
2921 0.137558 0.0654809
2926 0.138036 0.0589053
2931 0.141058 0.061243
2936 0.143027 0.0898833
2941 0.148489 0.0765578
2946 0.165793 0.0609229
2951 0.18804 0.0611174
2956 0.21145 0.0849121
2961 0.241929 0.099449
2966 0.265805 0.1192
2971 0.296698 0.138968
2976 0.325513 0.170501
2981 0.343141 0.181051
2986 0.379609 0.203549
2991 0.397217 0.185013
2996 0.423385 0.246929
3001 0.466482 0.283636
3006 0.502856 0.307844
3011 0.550976 0.324921
3016 0.587898 0.337072
3021 0.618216 0.312402
3026 0.63644 0.216875
3031 0.65912 0.153322
3036 0.69233 0.150028
3041 0.670768 0.170456
3046 0.65301 0.15566
3051 0.646921 0.157033
3056 0.640844 0.151333
3061 0.648197 0.172644
3066 0.653748 0.105453
3071 0.661794 0.181529
3076 0.659238 0.199915
3081 0.658901 0.143923
3086 0.677899 0.13283
3091 0.677652 0.128819
3096 0.672603 0.129013
3101 0.667247 0.138704
3106 0.663062 0.156555
3111 0.663354 0.167875
3116 0.660287 0.10675
3121 0.657479 0.111725
3126 0.658857 0.120724
3131 0.663949 0.127947
3136 0.669285 0.061004
3141 0.66826 0.0735759
3146 0.66429 0.0493599
3151 0.661049 0.0878413
3156 0.660903 0.0789482
3161 0.663577 0.130492
3166 0.663459 0.0863261
3171 0.660485 0.0710315
3176 0.659136 0.0844259
3181 0.663107 0.0914918
3186 0.667547 0.145385
3191 0.663561 0.0569686
3196 0.664144 0.126331
3201 0.661693 0.111644
3206 0.660656 0.0945993
3211 0.656515 0.100498
3216 0.659169 0.0416012
3221 0.657252 0.0387975
3226 0.656742 0.0212949
3231 0.655717 0.0313143
3236 0.65756 0.0935459
3241 0.656397 0.0312576
3246 0.654744 0.0370634
3251 0.653898 0.0282473
3256 0.652285 0.0268981
3261 0.652018 0.0288064
3266 0.652516 0.0193299
3271 0.654526 0.0230451
3276 0.657463 0.0173892
3281 0.660485 0.0238919
3286 0.672105 0.0541771
3291 0.670322 0.00939551
3296 0.671048 0.0128758
3301 0.667855 0.0230978
3306 0.666632 0.0295924
3311 0.671465 0.0593793
3316 0.667725 0.0380885
3321 0.665355 0.0436877
3326 0.664752 0.0515477
3331 0.662592 0.0500608
3336 0.650559 0.0727575
3341 0.649506 0.0620047
3346 0.648663 0.05645
3351 0.646585 0.0536221
3356 0.648043 0.0543757
3361 0.654611 0.0607933
3366 0.651572 0.054639
3371 0.64795 0.0565878
3376 0.64859 0.0292642
3381 0.648225 0.0283648
3386 0.647678 0.099291
3391 0.648517 0.0251236
3396 0.650336 0.0407706
3401 0.652601 0.0193866
3406 0.653083 0.0174216
3411 0.650474 0.0516895
3416 0.647824 0.0319626
3421 0.64652 0.0279475
3426 0.645701 0.0450288
3431 0.645985 0.0262418
3436 0.676258 0.128733
3441 0.677721 0.02044
3446 0.688591 0.0301515
3451 0.695851 0.0246901
3456 0.696248 0.0320517
3461 0.707354 0.0775504
3466 0.706916 0.0197836
3471 0.705044 0.0217811
3476 0.70566 0.0190503
3481 0.705777 0.012815
3486 0.704266 0.0376955
3491 0.706628 0.0146504
3496 0.713637 0.0501418
3501 0.713435 0.0147638
3506 0.715667 0.024686
3511 0.715777 0.0795438
3516 0.711879 0.0108054
3521 0.712094 0.0657767
3526 0.712706 0.111207
3531 0.712341 0.0709424
3536 0.705056 0.164581
3541 0.705526 0.0508346
3546 0.704838 0.012811
3551 0.70506 0.0185358
3556 0.70423 0.0174702
3561 0.70457 0.039385
3566 0.704619 0.0197391
3571 0.695709 0.0566202
3576 0.694615 0.0456892
3581 0.696868 0.0304473
3586 0.69955 0.0257354
3591 0.699534 0.0229925
3596 0.693031 0.0511304
3601 0.694105 0.011239
3606 0.697642 0.0191476
3611 0.697768 0.00904708
3616 0.699084 0.0124868
3621 0.703744 0.0395146
3626 0.702034 0.0267807
3631 0.701143 0.0345393
3636 0.707969 0.0368649
3641 0.712114 0.0290536
3646 0.713119 0.031679
3651 0.714812 0.0257151
3656 0.714914 0.0262499
3661 0.716149 0.0145653
3666 0.71852 0.0136051
3671 0.699542 0.0482619
3676 0.702593 0.0287943
3681 0.698582 0.0260676
3686 0.700879 0.0216271
3691 0.698618 0.0291062
3696 0.691168 0.0600073
3701 0.690844 0.0752006
3706 0.68943 0.0731181
3711 0.690665 0.0675756
3716 0.689782 0.0638036
3721 0.679694 0.108577
3726 0.67723 0.0685601
3731 0.677113 0.0761729
3736 0.678738 0.0671947
3741 0.679422 0.0787375
3746 0.68001 0.101584
3751 0.679738 0.0954663
3756 0.679147 0.0979661
3761 0.67817 0.0737704
3766 0.677542 0.0123815
3771 0.665258 0.0313103
3776 0.66946 0.0315412
3781 0.672336 0.0457824
3786 0.671846 0.0405964
3791 0.671473 0.0367798
3796 0.675561 0.0689733
3801 0.672474 0.0661818
3806 0.668998 0.0711895
3811 0.706831 0.0814764
3816 0.746042 0.0913986
3821 0.788935 0.146544
3826 0.792727 0.0160279
3831 0.795839 0.0138198
3836 0.797646 0.0160117
3841 0.798217 0.0165019
3846 0.79889 0.031999
3851 0.798266 0.0270197
3856 0.79594 0.0254639
3861 0.795187 0.0251479
3866 0.795511 0.0480917
3871 0.795264 0.0599587
3876 0.795742 0.0493477
3881 0.796155 0.0252654
3886 0.7956 0.0377887
3891 0.795077 0.0248319
3896 0.793441 0.0555141
3901 0.793384 0.0322259
3906 0.793821 0.0483227
3911 0.793392 0.029953
3916 0.792829 0.0299449
3921 0.790045 0.0502066
3926 0.791062 0.0261
3931 0.79039 0.02689
3936 0.791905 0.0273762
3941 0.793408 0.0216149
3946 0.793886 0.0531764
3951 0.793197 0.021696
3956 0.793789 0.0634025
3961 0.794372 0.0338465
3966 0.794069 0.0267969
3971 0.797618 0.0371971
3976 0.796888 0.0392391
3981 0.794996 0.0146139
3986 0.791557 0.0201888
3991 0.79468 0.022802
3996 0.796086 0.0297464
4001 0.796074 0.0928247
4006 0.795268 0.0248521
4011 0.79515 0.0261486
4016 0.796269 0.0240216
4021 0.796884 0.0430881
4026 0.796698 0.0170813
4031 0.796333 0.0161737
4036 0.796528 0.0256179
4041 0.79626 0.0247508
4046 0.781047 0.0381533
4051 0.782967 0.015959
4056 0.784252 0.0346001
4061 0.787452 0.0596143
4066 0.791443 0.0202415
4071 0.79594 0.0450369
4076 0.795673 0.00780326
4081 0.796017 0.0157524
4086 0.796196 0.0166275
4091 0.795916 0.0206102
4096 0.796901 0.0554291
4101 0.796702 0.0785471
4106 0.794247 0.0872782
4111 0.795244 0.0760068
4116 0.794761 0.00812333
4121 0.795511 0.02264
4126 0.794952 0.0237744
4131 0.794239 0.0798396
4136 0.793035 0.168037
4141 0.791739 0.215712
4146 0.79154 0.233664
4151 0.78975 0.254833
4156 0.7877 0.272766
4161 0.785856 0.281999
4166 0.787655 0.251463
4171 0.788089 0.214419
4176 0.793473 0.20098
4181 0.797537 0.175055
4186 0.803079 0.120323
4191 0.809152 0.168074
4196 0.806811 0.165339
4201 0.808913 0.239709
4206 0.80803 0.285204
4211 0.811328 0.280565
4216 0.819014 0.468264
4221 0.818904 0.610295
4226 0.825602 0.531582
4231 0.836265 0.420821
4236 0.84577 0.572741
4241 0.849822 0.568321
4246 0.837169 0.591601
4251 0.807653 0.599048
4256 0.757487 0.452459
4261 0.717077 0.507439
4266 0.723596 0.536484
4271 0.734835 0.595134
4276 0.751924 0.510599
4281 0.762706 0.477315
4286 0.76117 0.616907
4291 0.761818 0.590645
4296 0.713001 0.567689
4301 0.708974 0.578422
4306 0.699032 0.715331
4311 0.700057 0.691285
4316 0.711956 0.709035
4321 0.68255 0.71333
4326 0.659938 0.703954
4331 0.631638 0.63225
4336 0.623548 0.725448
4341 0.618341 0.645029
4346 0.617843 0.705028
4351 0.627494 0.691796
4356 0.621311 0.696013
4361 0.614517 0.676311
4366 0.61098 0.653792
4371 0.596293 0.541925
4376 0.591856 0.57531
4381 0.593947 0.539875
4386 0.595592 0.321894
4391 0.579985 0.476562
4396 0.553922 0.591378
4401 0.519071 0.593133
4406 0.492375 0.493834
4411 0.467357 0.526947
4416 0.471493 0.591605
4421 0.496957 0.549263
4426 0.50632 0.572458
4431 0.479759 0.555303
4436 0.461429 0.451305
4441 0.45613 0.570902
4446 0.474443 0.625055
4451 0.486079 0.601138
4456 0.48697 0.571348
4461 0.475723 0.590118
4466 0.479819 0.566927
4471 0.497764 0.555
4476 0.510599 0.548177
4481 0.482963 0.416137
4486 0.459201 0.455291
4491 0.446483 0.505316
4496 0.449153 0.487404
4501 0.485812 0.474601
4506 0.542691 0.360015
4511 0.61198 0.573608
4516 0.66749 0.537136
4521 0.678559 0.514504
4526 0.720302 0.48928
4531 0.770144 0.509521
4536 0.77858 0.545705
4541 0.761535 0.571967
4546 0.733243 0.540677
4551 0.706957 0.553776
4556 0.692144 0.607905
4561 0.599955 0.625618
4566 0.552913 0.592999
4571 0.535735 0.519512
4576 0.519873 0.627976
4581 0.49054 0.597743
4586 0.473876 0.507775
4591 0.46854 0.512009
4596 0.501155 0.542748
4601 0.491131 0.543457
4606 0.485098 0.471971
4611 0.476153 0.538903
4616 0.443878 0.459262
4621 0.425764 0.499133
4626 0.366332 0.466737
4631 0.35946 0.439045
4636 0.37627 0.468289
4641 0.404902 0.507986
4646 0.423778 0.530196
4651 0.442979 0.509752
4656 0.450041 0.527858
4661 0.433012 0.503902
4666 0.41369 0.408828
4671 0.386294 0.436691
4676 0.324123 0.372956
4681 0.27266 0.348019
4686 0.249781 0.341553
4691 0.276627 0.323766
4696 0.280285 0.366429
4701 0.287862 0.390467
4706 0.289405 0.368439
4711 0.309412 0.456284
4716 0.345665 0.460777
4721 0.402824 0.472745
4726 0.414861 0.455024
4731 0.408541 0.505162
4736 0.394243 0.52687
4741 0.365274 0.44778
4746 0.337708 0.42371
4751 0.299688 0.358553
4756 0.255109 0.350713
4761 0.218803 0.379767
4766 0.176217 0.308338
4771 0.148558 0.25568
4776 0.114731 0.222753
4781 0.0803501 0.219545
4786 0.0492707 0.157313
4791 0.0212382 0.0904586
4796 0.00365854 0.0314075
4801 0.000303865 0.00692407
4806 0.000234989 0.105109
4811 0.000149907 0.0849688
4816 9.31853e-05 0.113719
4821 0.000206628 0.0577303
4826 0.000121546 0.0296978
4831 5.267e-05 0.101912
4836 0.000725225 0.10867
4841 0.000903492 0.00674176
4846 0.00128839 0.00522648
4851 0.00138968 0.00346811
4856 0.00183129 0.00630014
4861 0.00176242 0.0173973
4866 0.00124787 0.00610566
4871 0.000842719 0.0114618
4876 0.000530751 0.00453772
4881 0.000587473 0.00292521
4886 0.00047403 0.0594401
4891 0.00050239 0.0023742
4896 0.000583421 0.00324933
4901 0.00479702 0.00783567
4906 0.0083016 0.0102301
4911 0.00463901 0.0144923
4916 0.00148286 0.00851228
4921 0.0267199 0.0389353
4926 0.0400413 0.0662305
4931 0.0755206 0.105668
4936 0.0913338 0.155425
4941 0.101406 0.187999
4946 0.112078 0.179499
4951 0.105498 0.184726
4956 0.0918037 0.160433
4961 0.0853456 0.172972
4966 0.0633214 0.153492
4971 0.0655174 0.123843
4976 0.0761527 0.135645
4981 0.0742565 0.159505
4986 0.0802488 0.182226
4991 0.0851957 0.189515
4996 0.091747 0.195689
5001 0.0926505 0.158164
5006 0.0843854 0.179528
5011 0.0722308 0.153059
5016 0.0475326 0.112037
5021 0.0264403 0.0942954
5026 0.0161656 0.0515842
5031 0.0106839 0.0313467
5036 0.0127299 0.042059
5041 0.0148124 0.0427964
5046 0.0240499 0.0810023
5051 0.052755 0.0692975
5056 0.0907179 0.0821894
5061 0.131963 0.111089
5066 0.170837 0.15641
5071 0.207337 0.207309
5076 0.231541 0.201669
5081 0.223078 0.216324
5086 0.201929 0.199866
5091 0.17326 0.163808
5096 0.156515 0.184803
5101 0.130135 0.217794
5106 0.095673 0.182603
5111 0.0777854 0.164715
5116 0.0599627 0.147593
5121 0.0357629 0.0776072
5126 0.00564784 0.0268657
5131 0.00166518 0.0140507
5136 0.000230938 0.0188518
5141 0.000121546 0.122859
5146 6.48246e-05 0.107657
5151 4.86184e-05 0.0303257
5156 5.67215e-05 0.0718013
5161 0.000218783 0.0835548
5166 0.000117495 0.0567174
5171 4.45669e-05 0.0538895
5176 4.45669e-05 0.0868042
5181 4.86184e-05 0.0770359
5186 0.00010534 0.0913986
5191 4.05154e-05 0.1179
5196 3.64638e-05 0.0930151
5201 0 0.0944048
5206 0 0.0649745
5211 0 0.022802
5216 0 0.0768698
5221 0.000194474 0.10066
5226 6.48246e-05 0.063994
5231 4.45669e-05 0.0413702
5236 4.86184e-05 0.104465
5241 3.64638e-05 0.0819585
5246 0.000113443 0.0992748
5251 9.72369e-05 0.113212
5256 4.05154e-05 0.0456081
5261 0.0259379 0.0242849
5266 0.0422737 0.0705899
5271 0.0506158 0.0878657
5276 0.056446 0.0990438
5281 0.0608784 0.0963334
5286 0.0651973 0.139709
5291 0.0916052 0.172093
5296 0.123787 0.163018
5301 0.144453 0.183421
5306 0.163046 0.211956
5311 0.171497 0.1953
5316 0.171728 0.141002
5321 0.164229 0.0891824
5326 0.156264 0.0729236
5331 0.164529 0.108115
5336 0.17437 0.126939
5341 0.180411 0.131501
5346 0.189057 0.132108
5351 0.198059 0.148193
5356 0.223616 0.18505
5361 0.245333 0.140207
5366 0.247804 0.204846
5371 0.244502 0.211259
5376 0.248574 0.175695
5381 0.252856 0.186431
5386 0.26542 0.192258
5391 0.28571 0.20096
5396 0.296933 0.250498
5401 0.295434 0.214974
5406 0.29039 0.128721
5411 0.29682 0.102978
5416 0.301823 0.137015
5421 0.328187 0.140848
5426 0.343582 0.139114
5431 0.356118 0.146564
5436 0.368528 0.184523
5441 0.389632 0.208784
5446 0.401536 0.246743
5451 0.413447 0.25425
5456 0.41211 0.179945
5461 0.40861 0.190499
5466 0.403492 0.189705
5471 0.401775 0.182947
5476 0.39953 0.16211
5481 0.416656 0.117166
5486 0.443197 0.11271
5491 0.466465 0.120683
5496 0.490592 0.123519
5501 0.504761 0.146998
5506 0.523531 0.142525
5511 0.536504 0.137894
5516 0.541346 0.110121
5521 0.555729 0.136711
5526 0.569553 0.12766
5531 0.60393 0.053849
5536 0.625103 0.0836399
5541 0.643084 0.0815331
5546 0.657033 0.0645693
5551 0.663755 0.0753788
5556 0.67422 0.0778705
5561 0.686691 0.0879872
5566 0.692367 0.100806
5571 0.693015 0.126282
5576 0.69406 0.145365
5581 0.695681 0.152431
5586 0.694154 0.165517
5591 0.698055 0.145187
5596 0.70662 0.150239
5601 0.702873 0.115449
5606 0.703898 0.110972
5611 0.70346 0.061952
5616 0.703112 0.0682035
5621 0.712009 0.080107
5626 0.710741 0.0630095
5631 0.707872 0.0376671
5636 0.704043 0.0565149
5641 0.714885 0.0724252
5646 0.794729 0.081679
5651 0.796965 0.0645693
5656 0.791164 0.0576939
5661 0.788105 0.080816
5666 0.788696 0.077198
5671 0.789191 0.122198
5676 0.79013 0.0480877
5681 0.790418 0.00805445
5686 0.788486 0.0515396
5691 0.78915 0.0330079
5696 0.789438 0.0435702
5701 0.788267 0.0095049
5706 0.786022 0.0691192
5711 0.782044 0.0365813
5716 0.778045 0.0630378
5721 0.773548 0.165311
5726 0.773616 0.0954866
5731 0.77373 0.0192934
5736 0.77296 0.0259339
