frame_number static_density dynamic_density
1 0.0698363 0.0981079
6 0.0733531 0.103172
11 0.0866623 0.0457986
16 0.0935378 0.0619966
21 0.0979459 0.0644599
26 0.104157 0.0722956
31 0.110177 0.0729965
36 0.112649 0.0884369
41 0.115124 0.0888056
46 0.117474 0.100154
51 0.1189 0.0833036
56 0.129268 0.0745523
61 0.135013 0.0268293
66 0.128215 0.0326594
71 0.121485 0.0136091
76 0.126141 0.0233895
81 0.135038 0.0314035
86 0.153889 0.0633822
91 0.174054 0.0742565
96 0.182846 0.0822948
101 0.185617 0.0889109
106 0.178616 0.0855603
111 0.183255 0.090491
116 0.193453 0.100766
121 0.195466 0.12719
126 0.198371 0.12597
131 0.202751 0.132096
136 0.209772 0.146905
141 0.216174 0.153391
146 0.217041 0.157568
151 0.215201 0.13441
156 0.210287 0.142079
161 0.205036 0.137627
166 0.201689 0.134754
171 0.198955 0.125764
176 0.197739 0.120906
181 0.197597 0.111089
186 0.196325 0.0905032
191 0.195345 0.0884369
196 0.196435 0.0522567
201 0.196228 0.0286363
206 0.196552 0.0231059
211 0.196706 0.0290576
216 0.19573 0.032546
221 0.197942 0.0673649
226 0.197204 0.0261
231 0.19701 0.0247225
236 0.19808 0.0284215
241 0.195572 0.0261243
246 0.194713 0.0193988
251 0.19451 0.0188032
256 0.194121 0.0155579
261 0.194405 0.0121668
266 0.194101 0.0236002
271 0.19308 0.0555344
276 0.194903 0.0235799
281 0.203205 0.0216311
286 0.213281 0.0280245
291 0.211352 0.0438781
296 0.205312 0.0295924
301 0.199303 0.0442995
306 0.197156 0.0318734
311 0.198339 0.0418564
316 0.19684 0.0354064
321 0.19558 0.0972612
326 0.196159 0.0700875
331 0.196054 0.0563933
336 0.196078 0.0292764
341 0.197642 0.0174945
346 0.200276 0.023981
351 0.200405 0.0250587
356 0.200385 0.025946
361 0.200413 0.0217122
366 0.199761 0.0177417
371 0.197796 0.0202658
376 0.196872 0.0163236
381 0.196678 0.0152581
386 0.202054 0.0216149
391 0.207475 0.0497529
396 0.211324 0.061794
401 0.213374 0.056134
406 0.22249 0.0594441
411 0.239203 0.0606555
416 0.260878 0.0939916
421 0.275257 0.141942
426 0.295928 0.144701
431 0.313881 0.18804
436 0.330006 0.231177
441 0.335775 0.254428
446 0.342278 0.259339
451 0.350879 0.27452
456 0.357674 0.279037
461 0.363881 0.280305
466 0.366202 0.282489
471 0.369994 0.298845
476 0.369476 0.290876
481 0.369002 0.28554
486 0.369816 0.273037
491 0.37042 0.272863
496 0.369869 0.254133
501 0.375958 0.00993842
506 0.396001 0.0405761
511 0.41354 0.0517867
516 0.421858 0.0828742
521 0.443064 0.0869257
526 0.454197 0.0707155
531 0.460044 0.0793858
536 0.464087 0.0856211
541 0.468301 0.100324
546 0.466449 0.106531
551 0.462244 0.105514
556 0.460404 0.10547
561 0.45897 0.108107
566 0.454821 0.250397
571 0.458557 0.126262
576 0.464399 0.0292156
581 0.473795 0.0425087
586 0.481724 0.0482416
591 0.490665 0.0602099
596 0.514002 0.0760838
601 0.532449 0.0738919
606 0.544056 0.0802609
611 0.568406 0.0820476
616 0.577858 0.0941617
621 0.588599 0.121716
626 0.59197 0.111887
631 0.595369 0.116623
636 0.59778 0.122458
641 0.598035 0.0714691
646 0.597614 0.102589
651 0.600636 0.0594927
656 0.602034 0.0567418
661 0.602962 0.0741147
666 0.604647 0.0836926
671 0.605231 0.086006
676 0.60709 0.0934527
681 0.610015 0.106835
686 0.611531 0.105372
691 0.610696 0.108524
696 0.614063 0.171238
701 0.61333 0.131144
706 0.613864 0.0847136
711 0.615858 0.108686
716 0.618167 0.0757718
721 0.623859 0.149015
726 0.624439 0.121181
731 0.624228 0.0936715
736 0.625598 0.112309
741 0.627652 0.0118102
746 0.634292 0.14827
751 0.636395 0.0107447
756 0.63746 0.086873
761 0.638976 0.0511304
766 0.638773 0.0333928
771 0.6478 0.0601856
776 0.647443 0.107552
781 0.647172 0.0289968
786 0.646491 0.017454
791 0.647816 0.013362
796 0.642027 0.0175877
801 0.639511 0.0222146
806 0.636679 0.0323515
811 0.637882 0.0550968
816 0.652759 0.0638441
821 0.67452 0.122915
826 0.70664 0.0457054
831 0.729025 0.0313791
836 0.736326 0.0276274
841 0.740467 0.0267766
846 0.754639 0.0910785
851 0.756892 0.02563
856 0.757597 0.0393647
861 0.758772 0.0256746
866 0.758379 0.0485536
871 0.758674 0.0738716
876 0.761932 0.039547
881 0.758792 0.0462078
886 0.757293 0.0341828
891 0.759051 0.0192002
896 0.757896 0.032311
901 0.75741 0.0200551
906 0.751041 0.103257
911 0.750648 0.0188842
916 0.753772 0.0133701
921 0.755328 0.0192245
926 0.755838 0.00618264
931 0.75707 0.114768
936 0.758131 0.0180901
941 0.757102 0.0166842
946 0.753399 0.0225995
951 0.752755 0.0288834
956 0.758869 0.0706304
961 0.758285 0.0550036
966 0.757418 0.0547565
971 0.756961 0.0191678
976 0.75568 0.0190665
981 0.741164 0.0416944
986 0.738486 0.0342517
991 0.744842 0.0275585
996 0.745859 0.0128798
1001 0.747468 0.021384
1006 0.740455 0.035536
1011 0.743145 0.0405275
1016 0.742598 0.0309659
1021 0.744223 0.0321732
1026 0.743643 0.0320801
1031 0.742942 0.0295397
1036 0.742108 0.0491654
1041 0.73977 0.0428693
1046 0.740645 0.0347136
1051 0.742339 0.0345353
1056 0.742185 0.0401791
1061 0.733765 0.06258
1066 0.732457 0.027907
1071 0.730731 0.0268414
1076 0.735771 0.0255044
1081 0.736626 0.0283364
1086 0.744563 0.0921522
1091 0.744915 0.0274613
1096 0.745369 0.0248521
1101 0.744579 0.0299571
1106 0.743201 0.0290617
1111 0.74541 0.0861113
1116 0.743469 0.0407584
1121 0.741731 0.0327121
1126 0.742488 0.0312333
1131 0.745256 0.0302974
1136 0.738802 0.0469289
1141 0.740746 0.0462928
1146 0.737351 0.0347419
1151 0.732056 0.0282149
1156 0.728385 0.0296937
1161 0.739766 0.0575885
1166 0.737055 0.0459971
1171 0.737173 0.0461713
1176 0.736699 0.0482619
1181 0.738664 0.0395146
1186 0.758986 0.0565878
1191 0.758427 0.025318
1196 0.759898 0.0169921
1201 0.761863 0.0217973
1206 0.759084 0.0291792
1211 0.758905 0.102917
1216 0.756559 0.0204359
1221 0.753221 0.0813022
1226 0.753274 0.0374402
1231 0.753626 0.0277368
1236 0.747464 0.0450895
1241 0.745219 0.0310915
1246 0.751916 0.0263228
1251 0.749238 0.0285714
1256 0.744194 0.0265943
1261 0.727903 0.0440483
1266 0.732745 0.0214367
1271 0.73524 0.0223604
1276 0.742359 0.026335
1281 0.741727 0.0360019
1286 0.741796 0.0570537
1291 0.740973 0.0327607
1296 0.742314 0.0429868
1301 0.744393 0.0342314
1306 0.743753 0.0364679
1311 0.733186 0.0313872
1316 0.726104 0.0328053
1321 0.719788 0.0282514
1326 0.715068 0.0265497
1331 0.71555 0.0151082
1336 0.715923 0.100559
1341 0.712454 0.0585082
1346 0.713184 0.0459039
1351 0.713978 0.0421198
1356 0.717527 0.0451665
1361 0.71474 0.060453
1366 0.716275 0.0464022
1371 0.720412 0.0461875
1376 0.720444 0.0379994
1381 0.720639 0.0306661
1386 0.712065 0.0568147
1391 0.713828 0.0284823
1396 0.716879 0.0294628
1401 0.723612 0.0170083
1406 0.727777 0.0234989
1411 0.742128 0.0344462
1416 0.742132 0.0317397
1421 0.7431 0.067766
1426 0.741694 0.1223
1431 0.742258 0.138088
1436 0.744271 0.241917
1441 0.744563 0.274763
1446 0.74814 0.34227
1451 0.751617 0.180362
1456 0.760408 0.367636
1461 0.773511 0.367097
1466 0.780168 0.366133
1471 0.784345 0.326951
1476 0.788834 0.274431
1481 0.791184 0.141573
1486 0.811875 0.12356
1491 0.812596 0.409857
1496 0.814764 0.404886
1501 0.821732 0.320485
1506 0.823507 0.506685
1511 0.832485 0.676197
1516 0.825107 0.475209
1521 0.813208 0.536387
1526 0.802419 0.634669
1531 0.790386 0.509383
1536 0.780034 0.600924
1541 0.77151 0.461389
1546 0.769079 0.617997
1551 0.740811 0.643574
1556 0.739737 0.606831
1561 0.742517 0.677939
1566 0.742217 0.659075
1571 0.744052 0.658087
1576 0.752885 0.634422
1581 0.766004 0.660972
1586 0.759728 0.581079
1591 0.750944 0.536095
1596 0.746017 0.673495
1601 0.740325 0.709699
1606 0.735666 0.733364
1611 0.737209 0.685949
1616 0.705012 0.727927
1621 0.690357 0.681618
1626 0.695397 0.627664
1631 0.714367 0.586833
1636 0.717993 0.547217
1641 0.718593 0.603456
1646 0.700535 0.625043
1651 0.697387 0.635921
1656 0.713751 0.615833
1661 0.727988 0.574617
1666 0.742574 0.56544
1671 0.747391 0.580054
1676 0.736938 0.570306
1681 0.714472 0.492383
1686 0.699769 0.571109
1691 0.709886 0.476821
1696 0.708208 0.613577
1701 0.714399 0.618787
1706 0.704039 0.596552
1711 0.680816 0.604234
1716 0.663925 0.527486
1721 0.644919 0.543048
1726 0.64026 0.496159
1731 0.569865 0.548003
1736 0.512912 0.546876
1741 0.480374 0.555915
1746 0.421262 0.5657
1751 0.383166 0.524159
1756 0.369869 0.565809
1761 0.370853 0.544684
1766 0.378089 0.529276
1771 0.385613 0.490625
1776 0.385378 0.535038
1781 0.372174 0.350527
1786 0.354558 0.370643
1791 0.331031 0.453715
1796 0.319139 0.465359
1801 0.320343 0.436488
1806 0.318682 0.476088
1811 0.306523 0.497994
1816 0.293347 0.460514
1821 0.286901 0.467539
1826 0.269982 0.473637
1831 0.258581 0.426902
1836 0.246787 0.442432
1841 0.22153 0.452662
1846 0.201604 0.381075
1851 0.169192 0.301021
1856 0.15878 0.256397
1861 0.143339 0.291261
1866 0.144782 0.260267
1871 0.168783 0.246171
1876 0.197415 0.337529
1881 0.235439 0.348177
1886 0.263974 0.428859
1891 0.299072 0.408581
1896 0.299003 0.450579
1901 0.327976 0.488352
1906 0.366052 0.391119
1911 0.356653 0.452925
1916 0.337404 0.431335
1921 0.335208 0.402982
1926 0.30658 0.394141
1931 0.267401 0.339673
1936 0.250713 0.271587
1941 0.242736 0.262799
1946 0.208569 0.254842
1951 0.164857 0.208739
1956 0.115489 0.185362
1961 0.0855927 0.134304
1966 0.0530265 0.06038
1971 0.0149502 0.0223199
1976 0.00713475 0.0167085
1981 0.00722794 0.0216271
1986 0.006997 0.0250669
1991 0.00643789 0.0111093
1996 0.00705777 0.0205615
2001 0.0367312 0.0316101
2006 0.110502 0.0943846
2011 0.177883 0.167977
2016 0.237833 0.170059
2021 0.260947 0.287772
2026 0.305425 0.2736
2031 0.299169 0.261069
2036 0.273272 0.316433
2041 0.250855 0.303298
2046 0.21087 0.345203
2051 0.187939 0.294121
2056 0.139498 0.211993
2061 0.0968884 0.158747
2066 0.0672028 0.100004
2071 0.0545661 0.110246
2076 0.0289442 0.032708
2081 0.012422 0.0231464
2086 0.0116076 0.0254031
2091 0.00986954 0.0200592
2096 0.0144113 0.0140102
2101 0.0380885 0.0406166
2106 0.0743214 0.0694393
2111 0.128417 0.0863099
2116 0.17881 0.126623
2121 0.236824 0.153602
2126 0.300664 0.194575
2131 0.333648 0.236808
2136 0.340722 0.274086
2141 0.3362 0.251957
2146 0.323843 0.269796
2151 0.294275 0.282805
2156 0.291407 0.266826
2161 0.284187 0.275375
2166 0.271502 0.164898
2171 0.24248 0.0782108
2176 0.19197 0.308358
2181 0.137663 0.234568
2186 0.094186 0.179605
2191 0.0595049 0.113962
2196 0.0314561 0.0757273
2201 0.0159185 0.0484199
2206 0.0104205 0.0289847
2211 0.00238635 0.0198525
2216 0.00181509 0.0116117
2221 0.00173001 0.0138198
2226 0.00145045 0.0115185
2231 0.00186371 0.0121506
2236 0.00207439 0.0143141
2241 0.00226481 0.0165667
2246 0.00192448 0.0190179
2251 0.00326149 0.0143141
2256 0.00339924 0.0242646
2261 0.00580585 0.0270278
2266 0.020286 0.0418888
2271 0.0496921 0.0927437
2276 0.0683535 0.150766
2281 0.078539 0.167478
2286 0.0858804 0.153193
2291 0.0887489 0.168285
2296 0.0903452 0.204274
2301 0.101483 0.196252
2306 0.10126 0.22928
2311 0.0820031 0.199522
2316 0.0656268 0.145778
2321 0.0530468 0.167207
2326 0.0469127 0.151333
2331 0.0393566 0.0996151
2336 0.027753 0.0831416
2341 0.0224658 0.0837209
2346 0.0146544 0.0740985
2351 0.0137793 0.0490357
2356 0.0110931 0.0519853
2361 0.0110809 0.0472571
2366 0.0136658 0.0548943
2371 0.0157119 0.0654282
2376 0.0139049 0.0507941
2381 0.01384 0.0535491
2386 0.0500648 0.0896726
2391 0.0640669 0.109622
2396 0.068629 0.120501
2401 0.0687991 0.122097
2406 0.075002 0.14812
2411 0.0717405 0.134349
2416 0.0585487 0.111105
2421 0.0330403 0.0767563
2426 0.0100924 0.0230046
2431 0.0107568 0.00677822
2436 0.0307755 0.0453124
2441 0.0399279 0.0853577
2446 0.0466939 0.0976582
2451 0.0505591 0.0945142
2456 0.0513492 0.105324
2461 0.0527307 0.11869
2466 0.0297099 0.0888299
2471 0.0154282 0.0443967
2476 0.00967507 0.0340005
2481 0.00966696 0.0342962
2486 0.0122235 0.0390244
2491 0.0141155 0.0408152
2496 0.0153796 0.0560044
2501 0.0169962 0.0500405
2506 0.0205413 0.0566648
2511 0.0449315 0.0772304
2516 0.0548011 0.114577
2521 0.0610728 0.129989
2526 0.0681266 0.134705
2531 0.0742322 0.172575
2536 0.0797423 0.177437
2541 0.0826594 0.188425
2546 0.0849283 0.224816
2551 0.071461 0.192772
2556 0.0483429 0.109359
2561 0.021854 0.0547768
2566 0.00296167 0.0321368
2571 0.000482133 0.00349648
2576 0.000538854 0.0199295
2581 0.000514545 0.0443441
2586 0.000652297 0.109886
2591 0.00063204 0.0766469
2596 0.000595576 0.0610404
2601 0.0005267 0.0277409
2606 0.000599627 0.0432907
2611 0.000749534 0.108318
2616 0.000692813 0.0644842
2621 0.000692813 0.0558261
2626 0.0212827 0.0208087
2631 0.0321611 0.0568998
2636 0.0467345 0.0830929
2641 0.0830565 0.121639
2646 0.122539 0.19919
2651 0.148789 0.278839
2656 0.164346 0.309505
2661 0.173868 0.333178
2666 0.155838 0.375411
2671 0.153448 0.317069
2676 0.161689 0.304898
2681 0.138421 0.280334
2686 0.125837 0.217179
2691 0.107706 0.205364
2696 0.0775991 0.134454
2701 0.0561826 0.107601
2706 0.0420428 0.0714974
2711 0.0428936 0.0714367
2716 0.0451949 0.0708857
2721 0.0444737 0.0689895
2726 0.0516692 0.0784094
2731 0.0720687 0.0698687
2736 0.0810186 0.0594644
2741 0.0852443 0.0748926
2746 0.0914715 0.0841423
2751 0.0959485 0.088445
2756 0.0999878 0.103156
2761 0.103221 0.119366
2766 0.106333 0.141443
2771 0.109416 0.160668
2776 0.11025 0.133178
2781 0.115404 0.15318
2786 0.116684 0.173608
2791 0.11916 0.166429
2796 0.11937 0.161713
2801 0.120732 0.160404
2806 0.12251 0.113228
2811 0.121858 0.0913905
2816 0.123021 0.0381371
2821 0.124552 0.0325703
2826 0.123584 0.031051
2831 0.123795 0.0312819
2836 0.124475 0.0536626
2841 0.124613 0.0244915
2846 0.124248 0.0342962
2851 0.134531 0.0386354
2856 0.132084 0.0477311
2861 0.123859 0.0371688
2866 0.12597 0.0400899
2871 0.128255 0.192707
2876 0.126359 0.037655
2881 0.131387 0.0413702
2886 0.134714 0.0614172
2891 0.137416 0.0606029
2896 0.135455 0.0558261
2901 0.136683 0.0549429
2906 0.136456 0.0574224
2911 0.138076 0.066271
2916 0.138486 0.0556722
2921 0.137866 0.0644721
2926 0.137517 0.0587351
2931 0.142136 0.0653067
2936 0.142869 0.0913176
2941 0.150482 0.0760878
2946 0.171651 0.0587473
2951 0.194077 0.072166
2956 0.214667 0.0858196
2961 0.247731 0.10519
2966 0.271724 0.128693
2971 0.299887 0.143526
2976 0.330877 0.168799
2981 0.350061 0.177992
2986 0.380994 0.205899
2991 0.404193 0.261324
2996 0.42922 0.254019
3001 0.472547 0.287878
3006 0.512426 0.319107
3011 0.554339 0.3283
3016 0.593975 0.345349
3021 0.622178 0.313305
3026 0.640791 0.197192
3031 0.662276 0.160534
3036 0.693052 0.158407
3041 0.662888 0.166745
3046 0.651746 0.157552
3051 0.646163 0.147768
3056 0.641431 0.148789
3061 0.649992 0.153691
3066 0.656952 0.146892
3071 0.663135 0.173843
3076 0.659776 0.156624
3081 0.662171 0.147537
3086 0.678478 0.147496
3091 0.677765 0.120922
3096 0.670306 0.130861
3101 0.667211 0.146726
3106 0.66179 0.155709
3111 0.662616 0.135779
3116 0.659084 0.100348
3121 0.657268 0.105777
3126 0.661292 0.112726
3131 0.664359 0.120979
3136 0.66856 0.0555668
3141 0.668289 0.0726481
3146 0.662612 0.0794992
3151 0.660907 0.0802771
3156 0.66104 0.0764525
3161 0.66365 0.120282
3166 0.662353 0.102885
3171 0.660481 0.0790374
3176 0.6594 0.0809497
3181 0.663532 0.0941577
3186 0.666518 0.126781
3191 0.664221 0.114569
3196 0.664322 0.0192651
3201 0.661624 0.0792116
3206 0.661284 0.0900413
3211 0.656888 0.0786606
3216 0.658763 0.0416741
3221 0.657102 0.0854388
3226 0.65645 0.0185317
3231 0.65549 0.0355725
3236 0.657398 0.0807795
3241 0.656373 0.035613
3246 0.654607 0.0324123
3251 0.653407 0.0305688
3256 0.652245 0.0326999
3261 0.651398 0.0306499
3266 0.651977 0.040329
3271 0.654688 0.0186978
3276 0.659602 0.0265902
3281 0.660538 0.0290657
3286 0.672421 0.0697391
3291 0.670383 0.00783567
3296 0.66933 0.0162548
3301 0.667584 0.0143789
3306 0.666344 0.0302204
3311 0.670574 0.0556073
3316 0.667604 0.041743
3321 0.664699 0.0409651
3326 0.664561 0.0517179
3331 0.662791 0.055814
3336 0.650713 0.0831213
3341 0.64983 0.0676404
3346 0.648116 0.0618548
3351 0.646439 0.0480431
3356 0.649125 0.0524471
3361 0.653776 0.0702577
3366 0.650879 0.0515517
3371 0.648898 0.0507495
3376 0.648298 0.0314399
3381 0.648298 0.0278422
3386 0.647581 0.0818208
3391 0.648833 0.0287456
3396 0.650555 0.0286119
3401 0.65318 0.0212868
3406 0.653124 0.0164087
3411 0.649988 0.0405194
3416 0.647646 0.0332064
3421 0.646232 0.0458715
3426 0.645641 0.0330362
3431 0.645993 0.0366421
3436 0.675982 0.114922
3441 0.678195 0.0113078
3446 0.690949 0.0330322
3451 0.696021 0.0379994
3456 0.696147 0.0275707
3461 0.706843 0.0591079
3466 0.706572 0.0217122
3471 0.705352 0.0192164
3476 0.705931 0.0189207
3481 0.70617 0.0189288
3486 0.704282 0.0272425
3491 0.707815 0.0976704
3496 0.714906 0.0563731
3501 0.713848 0.00740621
3506 0.715667 0.0274411
3511 0.714946 0.0571185
3516 0.711956 0.0211733
3521 0.71241 0.0466615
3526 0.712957 0.0617089
3531 0.71256 0.0712868
3536 0.705522 0.157536
3541 0.705251 0.134932
3546 0.704842 0.00938336
3551 0.704323 0.0200024
3556 0.704287 0.0196743
3561 0.704501 0.0337331
3566 0.704611 0.0209626
3571 0.696236 0.0538206
3576 0.696467 0.0462847
3581 0.697942 0.0239689
3586 0.699688 0.0206385
3591 0.699506 0.0167126
3596 0.693206 0.0348797
3601 0.693611 0.0108217
3606 0.697739 0.0171339
3611 0.69812 0.00727251
3616 0.699287 0.0157767
3621 0.704226 0.0469168
3626 0.700976 0.0267158
3631 0.701219 0.0340937
3636 0.708994 0.0339235
3641 0.711454 0.0293291
3646 0.714022 0.0304919
3651 0.714006 0.0243376
3656 0.715485 0.0215339
3661 0.716729 0.0138036
3666 0.718755 0.0169881
3671 0.702694 0.0238311
3676 0.700567 0.0274978
3681 0.700782 0.026019
3686 0.699931 0.0222753
3691 0.697755 0.0298355
3696 0.692124 0.0719148
3701 0.690985 0.0796816
3706 0.688931 0.0706466
3711 0.690094 0.0718661
3716 0.689843 0.0649745
3721 0.679426 0.10536
3726 0.677307 0.0696621
3731 0.678689 0.0773965
3736 0.678754 0.0674419
3741 0.679434 0.078539
3746 0.680123 0.116239
3751 0.679876 0.0992869
3756 0.679426 0.0860668
3761 0.679025 0.0114294
3766 0.676562 0.0157078
3771 0.66602 0.0294628
3776 0.669528 0.0369703
3781 0.67345 0.0471923
3786 0.672024 0.0383113
3791 0.671502 0.0360344
3796 0.675529 0.0612187
3801 0.671955 0.0669516
3806 0.668499 0.0733166
3811 0.715704 0.0825825
3816 0.751098 0.098424
3821 0.789535 0.113313
3826 0.793185 0.0148367
3831 0.79637 0.0131067
3836 0.797946 0.0192488
3841 0.798063 0.0209748
3846 0.798845 0.0358845
3851 0.797666 0.0238595
3856 0.795803 0.0255166
3861 0.794976 0.028928
3866 0.795499 0.0434365
3871 0.795819 0.0733085
3876 0.795896 0.0531521
3881 0.795977 0.0274532
3886 0.795406 0.0271331
3891 0.795248 0.0337007
3896 0.793424 0.0382343
3901 0.792642 0.0357548
3906 0.793315 0.0443441
3911 0.792857 0.0253018
3916 0.789867 0.0265254
3921 0.79007 0.0542987
3926 0.790933 0.0218256
3931 0.790325 0.0322421
3936 0.791812 0.0328134
3941 0.793226 0.0261891
3946 0.793586 0.0481039
3951 0.79336 0.0125598
3956 0.793753 0.0403817
3961 0.794 0.018787
3966 0.794802 0.0235151
3971 0.797743 0.0918321
3976 0.796495 0.0207722
3981 0.793959 0.0233085
3986 0.792294 0.0286322
3991 0.795191 0.0223645
3996 0.796487 0.0841828
4001 0.795709 0.0275991
4006 0.795118 0.0230654
4011 0.795333 0.0112592
4016 0.796127 0.0141155
4021 0.79673 0.0381979
4026 0.796576 0.0308403
4031 0.796293 0.0179605
4036 0.796637 0.0240985
4041 0.793538 0.0230735
4046 0.7808 0.040961
4051 0.784641 0.0492343
4056 0.783158 0.0550077
4061 0.787221 0.0134673
4066 0.791905 0.0231788
4071 0.795649 0.0502066
4076 0.795766 0.0148651
4081 0.796042 0.0166923
4086 0.796212 0.0245604
4091 0.79575 0.030034
4096 0.796739 0.0721538
4101 0.796313 0.0914391
4106 0.794502 0.0765173
4111 0.794535 0.0581436
4116 0.794855 0.00820841
4121 0.795065 0.0348351
4126 0.794644 0.0366502
4131 0.794514 0.0661211
4136 0.793015 0.210453
4141 0.791115 0.219042
4146 0.791232 0.259703
4151 0.789579 0.257297
4156 0.787307 0.28161
4161 0.786103 0.205826
4166 0.787424 0.263269
4171 0.789312 0.130293
4176 0.79526 0.130938
4181 0.798035 0.161644
4186 0.805591 0.209724
4191 0.809979 0.175893
4196 0.809059 0.15192
4201 0.808845 0.240961
4206 0.811494 0.234811
4211 0.811855 0.343639
4216 0.820525 0.558075
4221 0.821522 0.604607
4226 0.82785 0.564484
4231 0.838591 0.465035
4236 0.847213 0.568949
4241 0.850855 0.563127
4246 0.832643 0.584868
4251 0.801864 0.60361
4256 0.753679 0.51638
4261 0.71713 0.505295
4266 0.724184 0.527218
4271 0.739555 0.52155
4276 0.753999 0.440037
4281 0.764642 0.523418
4286 0.761972 0.641411
4291 0.761506 0.591249
4296 0.713005 0.567657
4301 0.70754 0.664249
4306 0.696941 0.37676
4311 0.706397 0.676064
4316 0.690147 0.650316
4321 0.67025 0.727976
4326 0.640442 0.717839
4331 0.62708 0.641066
4336 0.618013 0.694972
4341 0.623195 0.69949
4346 0.621173 0.70015
4351 0.623041 0.691265
4356 0.617462 0.690357
4361 0.612272 0.664537
4366 0.601519 0.58866
4371 0.598084 0.611405
4376 0.595025 0.597695
4381 0.596147 0.500284
4386 0.591269 0.526347
4391 0.574354 0.450219
4396 0.538733 0.604586
4401 0.507354 0.551276
4406 0.479811 0.506203
4411 0.463492 0.562523
4416 0.485042 0.563168
4421 0.499895 0.570148
4426 0.496054 0.52198
4431 0.473819 0.566688
4436 0.456948 0.458196
4441 0.464063 0.630152
4446 0.482769 0.60532
4451 0.485281 0.629082
4456 0.48823 0.503039
4461 0.473851 0.585901
4466 0.486589 0.57025
4471 0.506713 0.542237
4476 0.510307 0.390049
4481 0.465704 0.477725
4486 0.446564 0.456815
4491 0.451847 0.478527
4496 0.462232 0.54686
4501 0.504663 0.522466
4506 0.573519 0.513998
4511 0.638558 0.581614
4516 0.677554 0.546167
4521 0.681116 0.469208
4526 0.72409 0.506669
4531 0.774593 0.549741
4536 0.774706 0.556616
4541 0.756073 0.546252
4546 0.72014 0.536877
4551 0.698509 0.584487
4556 0.619423 0.613009
4561 0.597249 0.605279
4566 0.560741 0.491066
4571 0.529657 0.510842
4576 0.510749 0.530715
4581 0.48005 0.538684
4586 0.470764 0.548906
4591 0.490017 0.509865
4596 0.498477 0.540807
4601 0.487489 0.48932
4606 0.481391 0.515769
4611 0.460603 0.479163
4616 0.437254 0.446256
4621 0.418232 0.484418
4626 0.353229 0.392018
4631 0.366858 0.488814
4636 0.376764 0.441573
4641 0.411535 0.500547
4646 0.42691 0.504355
4651 0.446277 0.525901
4656 0.455518 0.539045
4661 0.425901 0.46337
4666 0.409128 0.406195
4671 0.372061 0.402042
4676 0.310465 0.417685
4681 0.264188 0.34216
4686 0.260311 0.343874
4691 0.280099 0.368252
4696 0.282611 0.373446
4701 0.2921 0.402269
4706 0.290528 0.388291
4711 0.320481 0.421185
4716 0.376513 0.44357
4721 0.405348 0.316834
4726 0.421226 0.456219
4731 0.407913 0.32341
4736 0.385167 0.455389
4741 0.356758 0.375103
4746 0.325739 0.449202
4751 0.282927 0.367397
4756 0.244425 0.305117
4761 0.199396 0.39041
4766 0.164014 0.249639
4771 0.136476 0.249761
4776 0.0970343 0.219994
4781 0.0696459 0.190681
4786 0.0377927 0.132554
4791 0.012734 0.0677336
4796 0.000332226 0.0141034
4801 0.000255247 0.0513654
4806 0.000206628 0.0958512
4811 0.000121546 0.0752897
4816 8.91338e-05 0.0970707
4821 0.000166113 0.0572482
4826 9.72369e-05 0.0185965
4831 6.48246e-05 0.0909448
4836 0.0006604 0.101515
4841 0.0010534 0.00602058
4846 0.00138968 0.00533992
4851 0.0014464 0.00416903
4856 0.00182724 0.00758447
4861 0.00177457 0.0158739
4866 0.000980472 0.00516571
4871 0.000599627 0.00966696
4876 0.00071307 0.00419334
4881 0.000563163 0.00269427
4886 0.000546957 0.0551252
4891 0.000538854 0.00219188
4896 0.00184345 0.00482133
4901 0.00721578 0.00794101
4906 0.00702536 0.0117697
4911 0.00314399 0.0145045
4916 0.0152176 0.0206385
4921 0.0304189 0.0445345
4926 0.0540353 0.0870432
4931 0.083729 0.142416
4936 0.0942104 0.178097
4941 0.104898 0.208642
4946 0.115497 0.190086
4951 0.100827 0.152824
4956 0.0878697 0.158784
4961 0.075865 0.174759
4966 0.0627583 0.130877
4971 0.0684264 0.121072
4976 0.0781622 0.159148
4981 0.0764768 0.0973625
4986 0.0830119 0.172081
4991 0.0880034 0.192403
4996 0.0952476 0.178997
5001 0.0891865 0.174763
5006 0.084904 0.187392
5011 0.061243 0.113642
5016 0.0369743 0.148193
5021 0.0228831 0.0647881
5026 0.0113767 0.0464833
5031 0.0114294 0.0329876
5036 0.0138036 0.0466494
5041 0.0156511 0.0556762
5046 0.0338708 0.0864314
5051 0.0708208 0.0764201
5056 0.103699 0.116324
5061 0.148104 0.127972
5066 0.182449 0.197646
5071 0.217397 0.188575
5076 0.228782 0.198853
5081 0.21512 0.192578
5086 0.194506 0.196852
5091 0.158699 0.177798
5096 0.148298 0.15993
5101 0.117973 0.170416
5106 0.090248 0.163366
5111 0.0686411 0.166798
5116 0.0527956 0.127486
5121 0.0241107 0.0501499
5126 0.000287659 0.0161859
5131 0.001572 0.0608217
5136 0.000153958 0.0760311
5141 7.69792e-05 0.0961065
5146 6.0773e-05 0.0501378
5151 4.86184e-05 0.0296897
5156 6.0773e-05 0.0840734
5161 0.000137752 0.10585
5166 6.48246e-05 0.052674
5171 4.86184e-05 0.0527672
5176 4.86184e-05 0.080192
5181 4.05154e-05 0.0711855
5186 9.72369e-05 0.0882749
5191 8.10307e-06 0.0760676
5196 2.43092e-05 0.0947857
5201 0 0.0832753
5206 0 0.0570375
5211 0 0.0436918
5216 0 0.0386233
5221 0.000141804 0.120643
5226 7.29276e-05 0.0648489
5231 5.267e-05 0.0254153
5236 4.05154e-05 0.0909286
5241 3.64638e-05 0.0782027
5246 7.29276e-05 0.0849242
5251 0.00010534 0.108196
5256 0.00874321 0.00946844
5261 0.0342638 0.04387
5266 0.045438 0.0797626
5271 0.0530184 0.0909732
5276 0.0581598 0.0910623
5281 0.0621749 0.10239
5286 0.0704643 0.129827
5291 0.105976 0.177498
5296 0.132817 0.183125
5301 0.15532 0.16946
5306 0.167592 0.212544
5311 0.173325 0.183056
5316 0.168686 0.094891
5321 0.160891 0.0620087
5326 0.156543 0.0789118
5331 0.168252 0.113374
5336 0.177275 0.136593
5341 0.18289 0.127968
5346 0.191095 0.141168
5351 0.206519 0.156126
5356 0.231934 0.142521
5361 0.246058 0.178012
5366 0.244486 0.207366
5371 0.245138 0.172004
5376 0.251929 0.192529
5381 0.254424 0.187047
5386 0.274451 0.208565
5391 0.29233 0.195268
5396 0.298035 0.239875
5401 0.293578 0.206596
5406 0.292634 0.149481
5411 0.297589 0.122138
5416 0.31087 0.147857
5421 0.336213 0.136962
5426 0.346568 0.127174
5431 0.358865 0.154817
5436 0.37672 0.19562
5441 0.395944 0.210765
5446 0.406985 0.265376
5451 0.414225 0.235735
5456 0.411113 0.187756
5461 0.407738 0.188595
5466 0.401001 0.18661
5471 0.400324 0.177854
5476 0.404408 0.161134
5481 0.428182 0.126031
5486 0.45158 0.108739
5491 0.474621 0.124492
5496 0.494506 0.137817
5501 0.515205 0.151637
5506 0.531156 0.148525
5511 0.539713 0.131655
5516 0.541873 0.117871
5521 0.560299 0.161952
5526 0.586654 0.136249
5531 0.613261 0.0509197
5536 0.632052 0.185398
5541 0.648497 0.0784661
5546 0.659424 0.0813346
5551 0.667247 0.0778989
5556 0.67894 0.0885625
5561 0.688563 0.0952273
5566 0.692395 0.105044
5571 0.692962 0.134823
5576 0.693967 0.151418
5581 0.69404 0.156304
5586 0.695588 0.152236
5591 0.697565 0.124034
5596 0.705356 0.119095
5601 0.703618 0.115619
5606 0.704481 0.0811685
5611 0.704291 0.072405
5616 0.703298 0.0682238
5621 0.711984 0.0711733
5626 0.709566 0.0616603
5631 0.705474 0.0499797
5636 0.70741 0.0662831
5641 0.736148 0.0698728
5646 0.795438 0.086711
5651 0.792958 0.0690544
5656 0.788234 0.0618305
5661 0.789272 0.091747
5666 0.789207 0.0795397
5671 0.790305 0.134199
5676 0.789547 0.0444616
5681 0.790102 0.0423304
5686 0.788413 0.0485009
5691 0.789004 0.0339559
5696 0.790058 0.00473219
5701 0.786804 0.0753262
5706 0.786512 0.0626813
5711 0.778515 0.0430435
5716 0.777729 0.0349688
5721 0.773839 0.166611
5726 0.773884 0.0537477
5731 0.77343 0.0156673
