frame_number static_density dynamic_density
1 0.0698363 0.0981079
6 0.0698363 0.0981079
11 0.0698363 0.0981079
16 0.0935378 0.15028
21 0.0935378 0.15028
26 0.0935378 0.15028
31 0.110177 0.0947046
36 0.110177 0.0947046
41 0.110177 0.0947046
46 0.117474 0.106746
51 0.117474 0.106746
56 0.117474 0.106746
61 0.135013 0.0975488
66 0.135013 0.0975488
71 0.135013 0.0975488
76 0.126141 0.0398631
81 0.126141 0.0398631
86 0.126141 0.0398631
91 0.174054 0.0688153
96 0.174054 0.0688153
101 0.174054 0.0688153
106 0.178616 0.114168
111 0.178616 0.114168
116 0.178616 0.114168
121 0.195466 0.178166
126 0.195466 0.178166
131 0.195466 0.178166
136 0.209772 0.175974
141 0.209772 0.175974
146 0.209772 0.175974
151 0.215201 0.16164
156 0.215201 0.16164
161 0.215201 0.16164
166 0.201689 0.150134
171 0.201689 0.150134
176 0.201689 0.150134
181 0.197597 0.14543
186 0.197597 0.14543
191 0.197597 0.14543
196 0.196435 0.0766064
201 0.196435 0.0766064
206 0.196435 0.0766064
211 0.196706 0.0316992
216 0.196706 0.0316992
221 0.196706 0.0316992
226 0.197204 0.0656632
231 0.197204 0.0656632
236 0.197204 0.0656632
241 0.195572 0.0346568
246 0.195572 0.0346568
251 0.195572 0.0346568
256 0.194121 0.0333077
261 0.194121 0.0333077
266 0.194121 0.0333077
271 0.19308 0.0207398
276 0.19308 0.0207398
281 0.19308 0.0207398
286 0.213281 0.0223928
291 0.213281 0.0223928
296 0.213281 0.0223928
301 0.199303 0.0525565
306 0.199303 0.0525565
311 0.199303 0.0525565
316 0.19684 0.0454704
321 0.19684 0.0454704
326 0.19684 0.0454704
331 0.196054 0.0620574
336 0.196054 0.0620574
341 0.196054 0.0620574
346 0.200276 0.0215258
351 0.200276 0.0215258
356 0.200276 0.0215258
361 0.200413 0.0304635
366 0.200413 0.0304635
371 0.200413 0.0304635
376 0.196872 0.0273762
381 0.196872 0.0273762
386 0.196872 0.0273762
391 0.207475 0.050316
396 0.207475 0.050316
401 0.207475 0.050316
406 0.22249 0.0748643
411 0.22249 0.0748643
416 0.22249 0.0748643
421 0.275257 0.148999
426 0.275257 0.148999
431 0.275257 0.148999
436 0.330006 0.200219
441 0.330006 0.200219
446 0.330006 0.200219
451 0.350879 0.259756
456 0.350879 0.259756
461 0.350879 0.259756
466 0.366202 0.217636
471 0.366202 0.217636
476 0.366202 0.217636
481 0.369002 0.300409
486 0.369002 0.300409
491 0.369002 0.300409
496 0.369869 0.271497
501 0.369869 0.271497
506 0.369869 0.271497
511 0.41354 0.0540434
516 0.41354 0.0540434
521 0.41354 0.0540434
526 0.454197 0.117438
531 0.454197 0.117438
536 0.454197 0.117438
541 0.468301 0.114991
546 0.468301 0.114991
551 0.468301 0.114991
556 0.460404 0.120399
561 0.460404 0.120399
566 0.460404 0.120399
571 0.458557 0.232376
576 0.458557 0.232376
581 0.458557 0.232376
586 0.481724 0.0684466
591 0.481724 0.0684466
596 0.481724 0.0684466
601 0.532449 0.0929139
606 0.532449 0.0929139
611 0.532449 0.0929139
616 0.577858 0.101333
621 0.577858 0.101333
626 0.577858 0.101333
631 0.595369 0.112839
636 0.595369 0.112839
641 0.595369 0.112839
646 0.597614 0.131557
651 0.597614 0.131557
656 0.597614 0.131557
661 0.602962 0.0840207
666 0.602962 0.0840207
671 0.602962 0.0840207
676 0.60709 0.0907787
681 0.60709 0.0907787
686 0.60709 0.0907787
691 0.610696 0.102666
696 0.610696 0.102666
701 0.610696 0.102666
706 0.613864 0.0930192
711 0.613864 0.0930192
716 0.613864 0.0930192
721 0.623859 0.160372
726 0.623859 0.160372
731 0.623859 0.160372
736 0.625598 0.0990884
741 0.625598 0.0990884
746 0.625598 0.0990884
751 0.636395 0.0869703
756 0.636395 0.0869703
761 0.636395 0.0869703
766 0.638773 0.0365449
771 0.638773 0.0365449
776 0.638773 0.0365449
781 0.647172 0.104238
786 0.647172 0.104238
791 0.647172 0.104238
796 0.642027 0.0221295
801 0.642027 0.0221295
806 0.642027 0.0221295
811 0.637882 0.0371769
816 0.637882 0.0371769
821 0.637882 0.0371769
826 0.70664 0.0754031
831 0.70664 0.0754031
836 0.70664 0.0754031
841 0.740467 0.0495705
846 0.740467 0.0495705
851 0.740467 0.0495705
856 0.757597 0.0404748
861 0.757597 0.0404748
866 0.757597 0.0404748
871 0.758674 0.0693096
876 0.758674 0.0693096
881 0.758674 0.0693096
886 0.757293 0.0310307
891 0.757293 0.0310307
896 0.757293 0.0310307
901 0.75741 0.0288186
906 0.75741 0.0288186
911 0.75741 0.0288186
916 0.753772 0.0167936
921 0.753772 0.0167936
926 0.753772 0.0167936
931 0.75707 0.0225833
936 0.75707 0.0225833
941 0.75707 0.0225833
946 0.753399 0.031367
951 0.753399 0.031367
956 0.753399 0.031367
961 0.758285 0.0453043
966 0.758285 0.0453043
971 0.758285 0.0453043
976 0.75568 0.0290009
981 0.75568 0.0290009
986 0.75568 0.0290009
991 0.744842 0.0480634
996 0.744842 0.0480634
1001 0.744842 0.0480634
1006 0.740455 0.0759055
1011 0.740455 0.0759055
1016 0.740455 0.0759055
1021 0.744223 0.0416052
1026 0.744223 0.0416052
1031 0.744223 0.0416052
1036 0.742108 0.0510737
1041 0.742108 0.0510737
1046 0.742108 0.0510737
1051 0.742339 0.0380723
1056 0.742339 0.0380723
1061 0.742339 0.0380723
1066 0.732457 0.0569079
1071 0.732457 0.0569079
1076 0.732457 0.0569079
1081 0.736626 0.0262458
1086 0.736626 0.0262458
1091 0.736626 0.0262458
1096 0.745369 0.0355887
1101 0.745369 0.0355887
1106 0.745369 0.0355887
1111 0.74541 0.0491127
1116 0.74541 0.0491127
1121 0.74541 0.0491127
1126 0.742488 0.0410299
1131 0.742488 0.0410299
1136 0.742488 0.0410299
1141 0.740746 0.0544891
1146 0.740746 0.0544891
1151 0.740746 0.0544891
1156 0.728385 0.0475245
1161 0.728385 0.0475245
1166 0.728385 0.0475245
1171 0.737173 0.0544567
1176 0.737173 0.0544567
1181 0.737173 0.0544567
1186 0.758986 0.041901
1191 0.758986 0.041901
1196 0.758986 0.041901
1201 0.761863 0.0367029
1206 0.761863 0.0367029
1211 0.761863 0.0367029
1216 0.756559 0.0594563
1221 0.756559 0.0594563
1226 0.756559 0.0594563
1231 0.753626 0.0293817
1236 0.753626 0.0293817
1241 0.753626 0.0293817
1246 0.751916 0.0319788
1251 0.751916 0.0319788
1256 0.751916 0.0319788
1261 0.727903 0.0336642
1266 0.727903 0.0336642
1271 0.727903 0.0336642
1276 0.742359 0.0514423
1281 0.742359 0.0514423
1286 0.742359 0.0514423
1291 0.740973 0.0464954
1296 0.740973 0.0464954
1301 0.740973 0.0464954
1306 0.743753 0.0300989
1311 0.743753 0.0300989
1316 0.743753 0.0300989
1321 0.719788 0.0437444
1326 0.719788 0.0437444
1331 0.719788 0.0437444
1336 0.715923 0.0662831
1341 0.715923 0.0662831
1346 0.715923 0.0662831
1351 0.713978 0.0531318
1356 0.713978 0.0531318
1361 0.713978 0.0531318
1366 0.716275 0.0532898
1371 0.716275 0.0532898
1376 0.716275 0.0532898
1381 0.720639 0.0307755
1386 0.720639 0.0307755
1391 0.720639 0.0307755
1396 0.716879 0.044652
1401 0.716879 0.044652
1406 0.716879 0.044652
1411 0.742128 0.0111215
1416 0.742128 0.0111215
1421 0.742128 0.0111215
1426 0.741694 0.115781
1431 0.741694 0.115781
1436 0.741694 0.115781
1441 0.744482 0.299996
1446 0.744482 0.299996
1451 0.744482 0.299996
1456 0.756811 0.431015
1461 0.756811 0.431015
1466 0.756811 0.431015
1471 0.78204 0.402658
1476 0.78204 0.402658
1481 0.78204 0.402658
1486 0.808484 0.462884
1491 0.808484 0.462884
1496 0.808484 0.462884
1501 0.818674 0.353095
1506 0.818674 0.353095
1511 0.818674 0.353095
1516 0.825525 0.687643
1521 0.825525 0.687643
1526 0.825525 0.687643
1531 0.797638 0.660891
1536 0.797638 0.660891
1541 0.797638 0.660891
1546 0.767535 0.609416
1551 0.767535 0.609416
1556 0.767535 0.609416
1561 0.7362 0.675452
1566 0.7362 0.675452
1571 0.7362 0.675452
1576 0.747541 0.64812
1581 0.747541 0.64812
1586 0.747541 0.64812
1591 0.750972 0.759784
1596 0.750972 0.759784
1601 0.750972 0.759784
1606 0.73509 0.790211
1611 0.73509 0.790211
1616 0.73509 0.790211
1621 0.693303 0.685098
1626 0.693303 0.685098
1631 0.693303 0.685098
1636 0.712288 0.728766
1641 0.712288 0.728766
1646 0.712288 0.728766
1651 0.697999 0.700559
1656 0.697999 0.700559
1661 0.697999 0.700559
1666 0.734199 0.621368
1671 0.734199 0.621368
1676 0.734199 0.621368
1681 0.721056 0.618135
1686 0.721056 0.618135
1691 0.721056 0.618135
1696 0.708144 0.462195
1701 0.708144 0.462195
1706 0.708144 0.462195
1711 0.686589 0.580451
1716 0.686589 0.580451
1721 0.686589 0.580451
1726 0.642695 0.494822
1731 0.642695 0.494822
1736 0.642695 0.494822
1741 0.486217 0.463131
1746 0.486217 0.463131
1751 0.486217 0.463131
1756 0.376477 0.559793
1761 0.376477 0.559793
1766 0.376477 0.559793
1771 0.377202 0.478288
1776 0.377202 0.478288
1781 0.377202 0.478288
1786 0.36444 0.510627
1791 0.36444 0.510627
1796 0.36444 0.510627
1801 0.321992 0.424629
1806 0.321992 0.424629
1811 0.321992 0.424629
1816 0.298387 0.50724
1821 0.298387 0.50724
1826 0.298387 0.50724
1831 0.263281 0.476748
1836 0.263281 0.476748
1841 0.263281 0.476748
1846 0.208018 0.469354
1851 0.208018 0.469354
1856 0.208018 0.469354
1861 0.150579 0.301835
1866 0.150579 0.301835
1871 0.150579 0.301835
1876 0.183713 0.18458
1881 0.183713 0.18458
1886 0.183713 0.18458
1891 0.286427 0.313743
1896 0.286427 0.313743
1901 0.286427 0.313743
1906 0.359314 0.565898
1911 0.359314 0.565898
1916 0.359314 0.565898
1921 0.337225 0.508755
1926 0.337225 0.508755
1931 0.337225 0.508755
1936 0.255478 0.411462
1941 0.255478 0.411462
1946 0.255478 0.411462
1951 0.17755 0.300567
1956 0.17755 0.300567
1961 0.17755 0.300567
1966 0.0647638 0.206507
1971 0.0647638 0.206507
1976 0.0647638 0.206507
1981 0.00736164 0.0425533
1986 0.00736164 0.0425533
1991 0.00736164 0.0425533
1996 0.00657159 0.0381574
2001 0.00657159 0.0381574
2006 0.00657159 0.0381574
2011 0.153225 0.12298
2016 0.153225 0.12298
2021 0.153225 0.12298
2026 0.290467 0.191451
2031 0.290467 0.191451
2036 0.290467 0.191451
2041 0.266239 0.4151
2046 0.266239 0.4151
2051 0.266239 0.4151
2056 0.158095 0.245924
2061 0.158095 0.245924
2066 0.158095 0.245924
2071 0.0615833 0.197533
2076 0.0615833 0.197533
2081 0.0615833 0.197533
2086 0.0123329 0.0794668
2091 0.0123329 0.0794668
2096 0.0123329 0.0794668
2101 0.0271818 0.0494774
2106 0.0271818 0.0494774
2111 0.0271818 0.0494774
2116 0.161292 0.130168
2121 0.161292 0.130168
2126 0.161292 0.130168
2131 0.324613 0.243437
2136 0.324613 0.243437
2141 0.324613 0.243437
2146 0.330399 0.246536
2151 0.330399 0.246536
2156 0.330399 0.246536
2161 0.285581 0.23462
2166 0.285581 0.23462
2171 0.285581 0.23462
2176 0.211879 0.310781
2181 0.211879 0.310781
2186 0.211879 0.310781
2191 0.0724941 0.232769
2196 0.0724941 0.232769
2201 0.0724941 0.232769
2206 0.0125638 0.038834
2211 0.0125638 0.038834
2216 0.0125638 0.038834
2221 0.00113443 0.0229519
2226 0.00113443 0.0229519
2231 0.00113443 0.0229519
2236 0.00160846 0.00710234
2241 0.00160846 0.00710234
2246 0.00160846 0.00710234
2251 0.00290495 0.0110972
2256 0.00290495 0.0110972
2261 0.00290495 0.0110972
2266 0.00977636 0.0217892
2271 0.00977636 0.0217892
2276 0.00977636 0.0217892
2281 0.0753586 0.0924885
2286 0.0753586 0.0924885
2291 0.0753586 0.0924885
2296 0.0891459 0.227866
2301 0.0891459 0.227866
2306 0.0891459 0.227866
2311 0.0907098 0.213621
2316 0.0907098 0.213621
2321 0.0907098 0.213621
2326 0.0487076 0.189515
2331 0.0487076 0.189515
2336 0.0487076 0.189515
2341 0.0248724 0.0837128
2346 0.0248724 0.0837128
2351 0.0248724 0.0837128
2356 0.0114496 0.050154
2361 0.0114496 0.050154
2366 0.0114496 0.050154
2371 0.0137995 0.0645693
2376 0.0137995 0.0645693
2381 0.0137995 0.0645693
2386 0.0374767 0.0654485
2391 0.0374767 0.0654485
2396 0.0374767 0.0654485
2401 0.0678673 0.0410015
2406 0.0678673 0.0410015
2411 0.0678673 0.0410015
2416 0.0596994 0.191873
2421 0.0596994 0.191873
2426 0.0596994 0.191873
2431 0.00378819 0.0893364
2436 0.00378819 0.0893364
2441 0.00378819 0.0893364
2446 0.0441172 0.0438538
2451 0.0441172 0.0438538
2456 0.0441172 0.0438538
2461 0.0577101 0.0966777
2466 0.0577101 0.0966777
2471 0.0577101 0.0966777
2476 0.0111053 0.0469451
2481 0.0111053 0.0469451
2486 0.0111053 0.0469451
2491 0.0134551 0.0303055
2496 0.0134551 0.0303055
2501 0.0134551 0.0303055
2506 0.0184264 0.0565149
2511 0.0184264 0.0565149
2516 0.0184264 0.0565149
2521 0.058804 0.0993801
2526 0.058804 0.0993801
2531 0.058804 0.0993801
2536 0.0781946 0.162065
2541 0.0781946 0.162065
2546 0.0781946 0.162065
2551 0.0742241 0.171522
2556 0.0742241 0.171522
2561 0.0742241 0.171522
2566 0.00929422 0.0988413
2571 0.00929422 0.0988413
2576 0.00929422 0.0988413
2581 0.000538854 0.015882
2586 0.000538854 0.015882
2591 0.000538854 0.015882
2596 0.000680658 0.0994895
2601 0.000680658 0.0994895
2606 0.000680658 0.0994895
2611 0.000846771 0.09481
2616 0.000846771 0.09481
2621 0.000846771 0.09481
2626 0.0123572 0.010141
2631 0.0123572 0.010141
2636 0.0123572 0.010141
2641 0.069419 0.0837614
2646 0.069419 0.0837614
2651 0.069419 0.0837614
2656 0.157082 0.272575
2661 0.157082 0.272575
2666 0.157082 0.272575
2671 0.151503 0.329366
2676 0.151503 0.329366
2681 0.151503 0.329366
2686 0.131314 0.300369
2691 0.131314 0.300369
2696 0.131314 0.300369
2701 0.064306 0.209201
2706 0.064306 0.209201
2711 0.064306 0.209201
2716 0.0447087 0.094498
2721 0.0447087 0.094498
2726 0.0447087 0.094498
2731 0.0649542 0.0855725
2736 0.0649542 0.0855725
2741 0.0649542 0.0855725
2746 0.0877522 0.137023
2751 0.0877522 0.137023
2756 0.0877522 0.137023
2761 0.101556 0.212223
2766 0.101556 0.212223
2771 0.101556 0.212223
2776 0.109602 0.168317
2781 0.109602 0.168317
2786 0.109602 0.168317
2791 0.119119 0.213548
2796 0.119119 0.213548
2801 0.119119 0.213548
2806 0.12189 0.207657
2811 0.12189 0.207657
2816 0.12189 0.207657
2821 0.123965 0.0985252
2826 0.123965 0.0985252
2831 0.123965 0.0985252
2836 0.124402 0.0371485
2841 0.124402 0.0371485
2846 0.124402 0.0371485
2851 0.130889 0.0318248
2856 0.130889 0.0318248
2861 0.130889 0.0318248
2866 0.125403 0.056997
2871 0.125403 0.056997
2876 0.125403 0.056997
2881 0.130443 0.044263
2886 0.130443 0.044263
2891 0.130443 0.044263
2896 0.135135 0.0648043
2901 0.135135 0.0648043
2906 0.135135 0.0648043
2911 0.137898 0.06745
2916 0.137898 0.06745
2921 0.137898 0.06745
2926 0.138036 0.060615
2931 0.138036 0.060615
2936 0.138036 0.060615
2941 0.148489 0.0811725
2946 0.148489 0.0811725
2951 0.148489 0.0811725
2956 0.21145 0.103906
2961 0.21145 0.103906
2966 0.21145 0.103906
2971 0.296698 0.150478
2976 0.296698 0.150478
2981 0.296698 0.150478
2986 0.379609 0.145009
2991 0.379609 0.145009
2996 0.379609 0.145009
3001 0.466482 0.243931
3006 0.466482 0.243931
3011 0.466482 0.243931
3016 0.587898 0.321011
3021 0.587898 0.321011
3026 0.587898 0.321011
3031 0.65912 0.432295
3036 0.65912 0.432295
3041 0.65912 0.432295
3046 0.65301 0.357957
3051 0.65301 0.357957
3056 0.65301 0.357957
3061 0.648197 0.185354
3066 0.648197 0.185354
3071 0.648197 0.185354
3076 0.659238 0.166243
3081 0.659238 0.166243
3086 0.659238 0.166243
3091 0.677652 0.2022
3096 0.677652 0.2022
3101 0.677652 0.2022
3106 0.663062 0.172851
3111 0.663062 0.172851
3116 0.663062 0.172851
3121 0.657479 0.113654
3126 0.657479 0.113654
3131 0.657479 0.113654
3136 0.669285 0.11664
3141 0.669285 0.11664
3146 0.669285 0.11664
3151 0.661049 0.0634592
3156 0.661049 0.0634592
3161 0.661049 0.0634592
3166 0.663459 0.0760109
3171 0.663459 0.0760109
3176 0.663459 0.0760109
3181 0.663107 0.0969694
3186 0.663107 0.0969694
3191 0.663107 0.0969694
3196 0.664144 0.102131
3201 0.664144 0.102131
3206 0.664144 0.102131
3211 0.656515 0.10912
3216 0.656515 0.10912
3221 0.656515 0.10912
3226 0.656742 0.0454015
3231 0.656742 0.0454015
3236 0.656742 0.0454015
3241 0.656397 0.0400737
3246 0.656397 0.0400737
3251 0.656397 0.0400737
3256 0.652285 0.0376469
3261 0.652285 0.0376469
3266 0.652285 0.0376469
3271 0.654526 0.0486103
3276 0.654526 0.0486103
3281 0.654526 0.0486103
3286 0.672105 0.054951
3291 0.672105 0.054951
3296 0.672105 0.054951
3301 0.667855 0.0219229
3306 0.667855 0.0219229
3311 0.667855 0.0219229
3316 0.667725 0.0457459
3321 0.667725 0.0457459
3326 0.667725 0.0457459
3331 0.662592 0.0529941
3336 0.662592 0.0529941
3341 0.662592 0.0529941
3346 0.648663 0.0522446
3351 0.648663 0.0522446
3356 0.648663 0.0522446
3361 0.654611 0.055344
3366 0.654611 0.055344
3371 0.654611 0.055344
3376 0.64859 0.0383154
3381 0.64859 0.0383154
3386 0.64859 0.0383154
3391 0.648517 0.042849
3396 0.648517 0.042849
3401 0.648517 0.042849
3406 0.653083 0.0386435
3411 0.653083 0.0386435
3416 0.653083 0.0386435
3421 0.64652 0.0223037
3426 0.64652 0.0223037
3431 0.64652 0.0223037
3436 0.676258 0.0703833
3441 0.676258 0.0703833
3446 0.676258 0.0703833
3451 0.695851 0.0169962
3456 0.695851 0.0169962
3461 0.695851 0.0169962
3466 0.706916 0.0277206
3471 0.706916 0.0277206
3476 0.706916 0.0277206
3481 0.705777 0.0492383
3486 0.705777 0.0492383
3491 0.705777 0.0492383
3496 0.713637 0.0217973
3501 0.713637 0.0217973
3506 0.713637 0.0217973
3511 0.715777 0.102743
3516 0.715777 0.102743
3521 0.715777 0.102743
3526 0.712706 0.0142614
3531 0.712706 0.0142614
3536 0.712706 0.0142614
3541 0.705526 0.181926
3546 0.705526 0.181926
3551 0.705526 0.181926
3556 0.70423 0.0279759
3561 0.70423 0.0279759
3566 0.70423 0.0279759
3571 0.695709 0.0610931
3576 0.695709 0.0610931
3581 0.695709 0.0610931
3586 0.69955 0.0234624
3591 0.69955 0.0234624
3596 0.69955 0.0234624
3601 0.694105 0.057783
3606 0.694105 0.057783
3611 0.694105 0.057783
3616 0.699084 0.0353253
3621 0.699084 0.0353253
3626 0.699084 0.0353253
3631 0.701143 0.0376955
3636 0.701143 0.0376955
3641 0.701143 0.0376955
3646 0.713119 0.0672109
3651 0.713119 0.0672109
3656 0.713119 0.0672109
3661 0.716149 0.0257029
3666 0.716149 0.0257029
3671 0.716149 0.0257029
3676 0.702593 0.0455312
3681 0.702593 0.0455312
3686 0.702593 0.0455312
3691 0.698618 0.0123167
3696 0.698618 0.0123167
3701 0.698618 0.0123167
3706 0.68943 0.0812535
3711 0.68943 0.0812535
3716 0.68943 0.0812535
3721 0.679694 0.069658
3726 0.679694 0.069658
3731 0.679694 0.069658
3736 0.678738 0.0708654
3741 0.678738 0.0708654
3746 0.678738 0.0708654
3751 0.679738 0.0828985
3756 0.679738 0.0828985
3761 0.679738 0.0828985
3766 0.677542 0.0773681
3771 0.677542 0.0773681
3776 0.677542 0.0773681
3781 0.672336 0.0501459
3786 0.672336 0.0501459
3791 0.672336 0.0501459
3796 0.675561 0.0376671
3801 0.675561 0.0376671
3806 0.675561 0.0376671
3811 0.706831 0.0964144
3816 0.706831 0.0964144
3821 0.706831 0.0964144
3826 0.792727 0.093793
3831 0.792727 0.093793
3836 0.792727 0.093793
3841 0.798217 0.0275991
3846 0.798217 0.0275991
3851 0.798217 0.0275991
3856 0.79594 0.0320882
3861 0.79594 0.0320882
3866 0.79594 0.0320882
3871 0.795264 0.042533
3876 0.795264 0.042533
3881 0.795264 0.042533
3886 0.7956 0.0473462
3891 0.7956 0.0473462
3896 0.7956 0.0473462
3901 0.793384 0.0546025
3906 0.793384 0.0546025
3911 0.793384 0.0546025
3916 0.792829 0.0343773
3921 0.792829 0.0343773
3926 0.792829 0.0343773
3931 0.79039 0.0357062
3936 0.79039 0.0357062
3941 0.79039 0.0357062
3946 0.793886 0.0352686
3951 0.793886 0.0352686
3956 0.793886 0.0352686
3961 0.794372 0.0250344
3966 0.794372 0.0250344
3971 0.794372 0.0250344
3976 0.796888 0.0678389
3981 0.796888 0.0678389
3986 0.796888 0.0678389
3991 0.79468 0.0236529
3996 0.79468 0.0236529
4001 0.79468 0.0236529
4006 0.795268 0.0189977
4011 0.795268 0.0189977
4016 0.795268 0.0189977
4021 0.796884 0.0682481
4026 0.796884 0.0682481
4031 0.796884 0.0682481
4036 0.796528 0.0267807
4041 0.796528 0.0267807
4046 0.796528 0.0267807
4051 0.782967 0.0373552
4056 0.782967 0.0373552
4061 0.782967 0.0373552
4066 0.791443 0.0421846
4071 0.791443 0.0421846
4076 0.791443 0.0421846
4081 0.796017 0.0479661
4086 0.796017 0.0479661
4091 0.796017 0.0479661
4096 0.796901 0.0487602
4101 0.796901 0.0487602
4106 0.796901 0.0487602
4111 0.795244 0.0697553
4116 0.795244 0.0697553
4121 0.795244 0.0697553
4126 0.794952 0.113795
4131 0.794952 0.113795
4136 0.794952 0.113795
4141 0.791739 0.224548
4146 0.791739 0.224548
4151 0.791739 0.224548
4156 0.7877 0.322287
4161 0.7877 0.322287
4166 0.7877 0.322287
4171 0.788089 0.324038
4176 0.788089 0.324038
4181 0.788089 0.324038
4186 0.803079 0.187302
4191 0.803079 0.187302
4196 0.803079 0.187302
4201 0.808913 0.250693
4206 0.808913 0.250693
4211 0.808913 0.250693
4216 0.819014 0.625496
4221 0.819014 0.625496
4226 0.819014 0.625496
4231 0.836265 0.492565
4236 0.836265 0.492565
4241 0.836265 0.492565
4246 0.837169 0.470703
4251 0.837169 0.470703
4256 0.837169 0.470703
4261 0.717077 0.614103
4266 0.717077 0.614103
4271 0.717077 0.614103
4276 0.751924 0.475124
4281 0.751924 0.475124
4286 0.751924 0.475124
4291 0.761818 0.434932
4296 0.761818 0.434932
4301 0.761818 0.434932
4306 0.699032 0.613431
4311 0.699032 0.613431
4316 0.699032 0.613431
4321 0.68255 0.639417
4326 0.68255 0.639417
4331 0.68255 0.639417
4336 0.623548 0.465817
4341 0.623548 0.465817
4346 0.623548 0.465817
4351 0.627494 0.651066
4356 0.627494 0.651066
4361 0.627494 0.651066
4366 0.61098 0.703679
4371 0.61098 0.703679
4376 0.61098 0.703679
4381 0.593947 0.523159
4386 0.593947 0.523159
4391 0.593947 0.523159
4396 0.553922 0.661393
4401 0.553922 0.661393
4406 0.553922 0.661393
4411 0.467357 0.516295
4416 0.467357 0.516295
4421 0.467357 0.516295
4426 0.50632 0.504578
4431 0.50632 0.504578
4436 0.50632 0.504578
4441 0.45613 0.590228
4446 0.45613 0.590228
4451 0.45613 0.590228
4456 0.48697 0.683105
4461 0.48697 0.683105
4466 0.48697 0.683105
4471 0.497764 0.52719
4476 0.497764 0.52719
4481 0.497764 0.52719
4486 0.459201 0.558241
4491 0.459201 0.558241
4496 0.459201 0.558241
4501 0.485812 0.552403
4506 0.485812 0.552403
4511 0.485812 0.552403
4516 0.66749 0.519423
4521 0.66749 0.519423
4526 0.66749 0.519423
4531 0.770144 0.488437
4536 0.770144 0.488437
4541 0.770144 0.488437
4546 0.733243 0.398144
4551 0.733243 0.398144
4556 0.733243 0.398144
4561 0.599955 0.620262
4566 0.599955 0.620262
4571 0.599955 0.620262
4576 0.519873 0.635196
4581 0.519873 0.635196
4586 0.519873 0.635196
4591 0.46854 0.633891
4596 0.46854 0.633891
4601 0.46854 0.633891
4606 0.485098 0.307986
4611 0.485098 0.307986
4616 0.485098 0.307986
4621 0.425764 0.4736
4626 0.425764 0.4736
4631 0.425764 0.4736
4636 0.37627 0.490669
4641 0.37627 0.490669
4646 0.37627 0.490669
4651 0.442979 0.543424
4656 0.442979 0.543424
4661 0.442979 0.543424
4666 0.41369 0.522952
4671 0.41369 0.522952
4676 0.41369 0.522952
4681 0.27266 0.168795
4686 0.27266 0.168795
4691 0.27266 0.168795
4696 0.280285 0.522579
4701 0.280285 0.522579
4706 0.280285 0.522579
4711 0.309412 0.434685
4716 0.309412 0.434685
4721 0.309412 0.434685
4726 0.414861 0.560631
4731 0.414861 0.560631
4736 0.414861 0.560631
4741 0.365274 0.541091
4746 0.365274 0.541091
4751 0.365274 0.541091
4756 0.255109 0.551888
4761 0.255109 0.551888
4766 0.255109 0.551888
4771 0.148558 0.363686
4776 0.148558 0.363686
4781 0.148558 0.363686
4786 0.0492707 0.203415
4791 0.0492707 0.203415
4796 0.0492707 0.203415
4801 0.000303865 0.0541285
4806 0.000303865 0.0541285
4811 0.000303865 0.0541285
4816 9.31853e-05 0.117332
4821 9.31853e-05 0.117332
4826 9.31853e-05 0.117332
4831 5.267e-05 0.0753829
4836 5.267e-05 0.0753829
4841 5.267e-05 0.0753829
4846 0.00128839 0.0470829
4851 0.00128839 0.0470829
4856 0.00128839 0.0470829
4861 0.00176242 0.0252168
4866 0.00176242 0.0252168
4871 0.00176242 0.0252168
4876 0.000530751 0.0101653
4881 0.000530751 0.0101653
4886 0.000530751 0.0101653
4891 0.00050239 0.0229398
4896 0.00050239 0.0229398
4901 0.00050239 0.0229398
4906 0.0083016 0.0113402
4911 0.0083016 0.0113402
4916 0.0083016 0.0113402
4921 0.0267199 0.0407949
4926 0.0267199 0.0407949
4931 0.0267199 0.0407949
4936 0.0913338 0.115947
4941 0.0913338 0.115947
4946 0.0913338 0.115947
4951 0.105498 0.195414
4956 0.105498 0.195414
4961 0.105498 0.195414
4966 0.0633214 0.195608
4971 0.0633214 0.195608
4976 0.0633214 0.195608
4981 0.0742565 0.165242
4986 0.0742565 0.165242
4991 0.0742565 0.165242
4996 0.091747 0.222044
5001 0.091747 0.222044
5006 0.091747 0.222044
5011 0.0722308 0.210214
5016 0.0722308 0.210214
5021 0.0722308 0.210214
5026 0.0161656 0.126667
5031 0.0161656 0.126667
5036 0.0161656 0.126667
5041 0.0148124 0.0212625
5046 0.0148124 0.0212625
5051 0.0148124 0.0212625
5056 0.0907179 0.137104
5061 0.0907179 0.137104
5066 0.0907179 0.137104
5071 0.207337 0.259003
5076 0.207337 0.259003
5081 0.207337 0.259003
5086 0.201929 0.278612
5091 0.201929 0.278612
5096 0.201929 0.278612
5101 0.130135 0.248635
5106 0.130135 0.248635
5111 0.130135 0.248635
5116 0.0599627 0.169184
5121 0.0599627 0.169184
5126 0.0599627 0.169184
5131 0.00166518 0.0465765
5136 0.00166518 0.0465765
5141 0.00166518 0.0465765
5146 6.48246e-05 0.0142128
5151 6.48246e-05 0.0142128
5156 6.48246e-05 0.0142128
5161 0.000218783 0.0757718
5166 0.000218783 0.0757718
5171 0.000218783 0.0757718
5176 4.45669e-05 0.0393364
5181 4.45669e-05 0.0393364
5186 4.45669e-05 0.0393364
5191 4.05154e-05 0.0922778
5196 4.05154e-05 0.0922778
5201 4.05154e-05 0.0922778
5206 0 0.112896
5211 0 0.112896
5216 0 0.112896
5221 0.000194474 0.086715
5226 0.000194474 0.086715
5231 0.000194474 0.086715
5236 4.86184e-05 0.0842314
5241 4.86184e-05 0.0842314
5246 4.86184e-05 0.0842314
5251 9.72369e-05 0.101852
5256 9.72369e-05 0.101852
5261 9.72369e-05 0.101852
5266 0.0422737 0.0412608
5271 0.0422737 0.0412608
5276 0.0422737 0.0412608
5281 0.0608784 0.0974516
5286 0.0608784 0.0974516
5291 0.0608784 0.0974516
5296 0.123787 0.17687
5301 0.123787 0.17687
5306 0.123787 0.17687
5311 0.171497 0.250462
5316 0.171497 0.250462
5321 0.171497 0.250462
5326 0.156264 0.301645
5331 0.156264 0.301645
5336 0.156264 0.301645
5341 0.180411 0.121425
5346 0.180411 0.121425
5351 0.180411 0.121425
5356 0.223616 0.163492
5361 0.223616 0.163492
5366 0.223616 0.163492
5371 0.244502 0.220918
5376 0.244502 0.220918
5381 0.244502 0.220918
5386 0.26542 0.25128
5391 0.26542 0.25128
5396 0.26542 0.25128
5401 0.295434 0.264837
5406 0.295434 0.264837
5411 0.295434 0.264837
5416 0.301823 0.22576
5421 0.301823 0.22576
5426 0.301823 0.22576
5431 0.356118 0.168434
5436 0.356118 0.168434
5441 0.356118 0.168434
5446 0.401536 0.263585
5451 0.401536 0.263585
5456 0.401536 0.263585
5461 0.40861 0.305721
5466 0.40861 0.305721
5471 0.40861 0.305721
5476 0.39953 0.204177
5481 0.39953 0.204177
5486 0.39953 0.204177
5491 0.466465 0.147168
5496 0.466465 0.147168
5501 0.466465 0.147168
5506 0.523531 0.12905
5511 0.523531 0.12905
5516 0.523531 0.12905
5521 0.555729 0.108812
5526 0.555729 0.108812
5531 0.555729 0.108812
5536 0.625103 0.16871
5541 0.625103 0.16871
5546 0.625103 0.16871
5551 0.663755 0.155478
5556 0.663755 0.155478
5561 0.663755 0.155478
5566 0.692367 0.115031
5571 0.692367 0.115031
5576 0.692367 0.115031
5581 0.695681 0.143376
5586 0.695681 0.143376
5591 0.695681 0.143376
5596 0.70662 0.18101
5601 0.70662 0.18101
5606 0.70662 0.18101
5611 0.70346 0.148011
5616 0.70346 0.148011
5621 0.70346 0.148011
5626 0.710741 0.0843651
5631 0.710741 0.0843651
5636 0.710741 0.0843651
5641 0.714885 0.0768333
5646 0.714885 0.0768333
5651 0.714885 0.0768333
5656 0.791164 0.0823394
5661 0.791164 0.0823394
5666 0.791164 0.0823394
5671 0.789191 0.0680577
5676 0.789191 0.0680577
5681 0.789191 0.0680577
5686 0.788486 0.0536504
5691 0.788486 0.0536504
5696 0.788486 0.0536504
5701 0.788267 0.0512114
5706 0.788267 0.0512114
5711 0.788267 0.0512114
5716 0.778045 0.0665586
5721 0.778045 0.0665586
5726 0.778045 0.0665586
5731 0.77373 0.119954
5736 0.77373 0.119954
