1 0.0530147 0.0803496
6 0.0813871 0.0928173
11 0.0977718 0.05744
16 0.103072 0.0749963
21 0.104872 0.0788357
26 0.111813 0.0860277
31 0.117721 0.079411
36 0.118854 0.115236
41 0.119866 0.113091
46 0.121906 0.110614
51 0.123148 0.0988341
56 0.124316 0.0848913
61 0.12613 0.0661917
66 0.12883 0.0376428
71 0.128505 0.0339939
76 0.130192 0.0324695
81 0.132683 0.0397566
86 0.154997 0.0553085
91 0.178083 0.0554673
96 0.180465 0.0734859
101 0.184646 0.0572777
106 0.18603 0.0813624
111 0.204359 0.0711674
116 0.219403 0.0879227
121 0.218845 0.126017
126 0.220737 0.131596
131 0.223546 0.13618
136 0.227198 0.134645
141 0.229778 0.14598
146 0.230021 0.139476
151 0.226962 0.111453
156 0.221181 0.117608
161 0.21545 0.119425
166 0.211925 0.125283
171 0.208678 0.111591
176 0.20667 0.105218
181 0.205869 0.10585
186 0.205188 0.0880885
191 0.204535 0.0831516
196 0.205241 0.054691
201 0.205633 0.0202771
206 0.205746 0.0207288
211 0.205926 0.0232837
216 0.205283 0.0225568
221 0.207267 0.0555732
226 0.206716 0.0237178
231 0.206649 0.0239119
236 0.207683 0.0224932
241 0.204927 0.0195748
246 0.203565 0.0210923
251 0.203498 0.0161271
256 0.202757 0.0113772
261 0.203618 0.00949628
266 0.203583 0.0178174
271 0.202309 0.0575847
276 0.20257 0.0164376
281 0.202019 0.00631674
286 0.203032 0.0124817
291 0.200167 0.0191478
296 0.199055 0.0690042
301 0.199355 0.0429362
306 0.200283 0.035836
311 0.203575 0.0372864
316 0.20528 0.0400919
321 0.205541 0.0804061
326 0.206519 0.0477355
331 0.206367 0.0452864
336 0.206265 0.0253411
341 0.209218 0.0192325
346 0.213629 0.0286794
351 0.213591 0.039005
356 0.213852 0.0374382
361 0.214229 0.0300945
366 0.21424 0.0282806
371 0.212962 0.0291735
376 0.21225 0.0277795
381 0.211159 0.0252352
386 0.213389 0.0263927
391 0.220842 0.0395978
396 0.22657 0.0498917
401 0.231556 0.0511585
406 0.235791 0.0464086
411 0.244137 0.0678291
416 0.264629 0.0981389
421 0.277485 0.108052
426 0.297508 0.110162
431 0.317393 0.145698
436 0.336933 0.187939
441 0.345445 0.196765
446 0.356201 0.230635
451 0.366329 0.233123
456 0.373192 0.243265
461 0.37718 0.241899
466 0.37802 0.240936
471 0.381556 0.253795
476 0.380084 0.237488
481 0.378994 0.238674
486 0.379477 0.212422
491 0.378828 0.210803
496 0.378274 0.231623
501 0.389266 0.0115113
506 0.417272 0.0487412
511 0.439119 0.0799015
516 0.446604 0.0975495
521 0.469016 0.106224
526 0.480217 0.0887837
531 0.48503 0.0965014
536 0.487977 0.0998574
541 0.490973 0.0976766
546 0.489816 0.1055
551 0.484236 0.111619
556 0.482052 0.105574
561 0.479148 0.106199
566 0.47462 0.227103
571 0.481096 0.0250623
576 0.492176 0.0300839
581 0.508575 0.045357
586 0.5222 0.0571083
591 0.535935 0.076429
596 0.572388 0.0820012
601 0.597564 0.0901141
606 0.614266 0.0971366
611 0.645447 0.103499
616 0.654559 0.109975
621 0.667062 0.122679
626 0.670016 0.116055
631 0.673788 0.142547
636 0.676421 0.0966426
641 0.675651 0.0841044
646 0.677342 0.0877004
651 0.681488 0.0827387
656 0.682998 0.0819765
661 0.685578 0.0952769
666 0.68862 0.098527
671 0.692061 0.113486
676 0.695078 0.118981
681 0.69944 0.134663
686 0.700481 0.123138
691 0.700445 0.134741
696 0.704726 0.208632
701 0.70402 0.148267
706 0.704444 0.129701
711 0.706988 0.16985
716 0.708805 0.0729566
721 0.71436 0.168523
726 0.714222 0.143746
731 0.714215 0.114838
736 0.715323 0.120339
741 0.716336 0.0106149
746 0.722226 0.155847
751 0.723376 0.011049
756 0.722981 0.110525
761 0.724287 0.0899059
766 0.726093 0.0344104
771 0.73246 0.0740929
776 0.73265 0.111665
781 0.733003 0.026675
786 0.734605 0.01245
791 0.737601 0.0187103
796 0.733776 0.0290288
801 0.729626 0.035102
806 0.726528 0.0403319
811 0.727816 0.0493941
816 0.742051 0.0598855
821 0.760123 0.147836
826 0.773416 0.0466168
831 0.784133 0.0338175
836 0.785965 0.0272467
841 0.788901 0.0226203
846 0.797571 0.0734577
851 0.798387 0.0221333
856 0.797293 0.0321166
861 0.796336 0.0235237
866 0.796372 0.0389168
871 0.796936 0.0648436
876 0.797568 0.039679
881 0.796654 0.0433455
886 0.795715 0.0403777
891 0.79628 0.0145214
896 0.795676 0.0266291
901 0.795154 0.0234284
906 0.793633 0.119309
911 0.793354 0.0194372
916 0.79339 0.0112749
921 0.793697 0.014959
926 0.794237 0.00764714
931 0.79219 0.0906223
936 0.793097 0.0120477
941 0.792525 0.015873
946 0.790581 0.0192184
951 0.790425 0.0254681
956 0.7961 0.0607713
961 0.795235 0.0323918
966 0.79574 0.0263539
971 0.795288 0.0193843
976 0.794431 0.0244483
981 0.785654 0.0357619
986 0.783773 0.0342163
991 0.788054 0.0211134
996 0.78786 0.014045
1001 0.790161 0.0207288
1006 0.787228 0.0508021
1011 0.786346 0.0383733
1016 0.787059 0.029177
1021 0.787969 0.0288241
1026 0.787616 0.0269679
1031 0.787055 0.0257822
1036 0.790376 0.0436808
1041 0.78888 0.0428903
1046 0.789286 0.0345021
1051 0.78996 0.0354232
1056 0.790291 0.0340575
1061 0.782108 0.0596667
1066 0.782104 0.0260257
1071 0.781716 0.0267703
1076 0.783293 0.0257257
1081 0.783939 0.0289088
1086 0.789818 0.0831234
1091 0.789698 0.0246776
1096 0.788957 0.0266432
1101 0.788287 0.0305956
1106 0.787945 0.0322683
1111 0.78624 0.0767678
1116 0.785439 0.0389485
1121 0.786198 0.0334505
1126 0.785139 0.0336975
1131 0.788368 0.0339516
1136 0.788781 0.0343751
1141 0.789275 0.0360372
1146 0.78822 0.0267667
1151 0.787955 0.0201571
1156 0.785905 0.0285735
1161 0.78889 0.0466627
1166 0.786882 0.0322154
1171 0.78576 0.0290535
1176 0.786244 0.0339445
1181 0.785937 0.0309873
1186 0.790828 0.0574506
1191 0.790178 0.0349785
1196 0.791181 0.0279877
1201 0.79309 0.0249105
1206 0.792476 0.0247588
1211 0.790051 0.0680197
1216 0.789547 0.0145144
1221 0.787758 0.022345
1226 0.787849 0.0349573
1231 0.788746 0.0283053
1236 0.787638 0.0364536
1241 0.786995 0.0350103
1246 0.791491 0.0366195
1251 0.789787 0.0376393
1256 0.789289 0.032106
1261 0.783304 0.0429185
1266 0.784684 0.0286971
1271 0.78672 0.0264527
1276 0.78966 0.0286653
1281 0.788481 0.0390191
1286 0.787235 0.0458475
1291 0.78726 0.0376287
1296 0.78745 0.0432891
1301 0.789536 0.0377169
1306 0.788827 0.0302498
1311 0.78587 0.0362454
1316 0.784253 0.0283548
1321 0.782941 0.0310579
1326 0.781914 0.0179762
1331 0.781875 0.0188514
1336 0.780897 0.0700735
1341 0.780933 0.0613253
1346 0.781624 0.0378722
1351 0.782902 0.0356384
1356 0.783992 0.0264068
1361 0.783819 0.0365171
1366 0.784903 0.0343045
1371 0.786145 0.0377875
1376 0.78763 0.0290782
1381 0.787549 0.0274725
1386 0.782849 0.0455688
1391 0.784377 0.0265056
1396 0.785008 0.0176763
1401 0.786455 0.0139709
1406 0.787567 0.00847996
1411 0.7893 0.0339057
1416 0.788936 0.0061897
1421 0.788495 0.0504351
1426 0.787863 0.108503
1431 0.788015 0.0578882
1436 0.790725 0.153772
1441 0.792582 0.219166
1446 0.791893 0.272132
1451 0.794342 0.134748
1456 0.797977 0.259985
1461 0.804573 0.278572
1466 0.808924 0.246663
1471 0.815541 0.0576164
1476 0.824222 0.0858406
1481 0.827606 0.0478167
1486 0.837667 0.380804
1491 0.842957 0.37519
1496 0.844305 0.400344
1501 0.848988 0.370023
1506 0.85228 0.439179
1511 0.859253 0.588932
1516 0.858494 0.621041
1521 0.854419 0.450574
1526 0.82907 0.495892
1531 0.824275 0.494191
1536 0.794194 0.570613
1541 0.791823 0.573313
1546 0.797282 0.610211
1551 0.784994 0.620103
1556 0.778057 0.625026
1561 0.769866 0.64845
1566 0.776444 0.592034
1571 0.77709 0.562493
1576 0.786544 0.573493
1581 0.793372 0.531986
1586 0.779383 0.596124
1591 0.760405 0.393374
1596 0.741162 0.606347
1601 0.73181 0.621786
1606 0.734016 0.573094
1611 0.727406 0.62782
1616 0.709109 0.609213
1621 0.684092 0.55665
1626 0.684611 0.562278
1631 0.703371 0.396271
1636 0.716717 0.520845
1641 0.724752 0.488168
1646 0.722519 0.524099
1651 0.712073 0.434846
1656 0.722095 0.517895
1661 0.733169 0.487896
1666 0.733624 0.439232
1671 0.719766 0.483545
1676 0.692315 0.425868
1681 0.675838 0.460137
1686 0.658166 0.487179
1691 0.655035 0.479808
1696 0.6698 0.492152
1701 0.676198 0.421542
1706 0.684191 0.481996
1711 0.660862 0.484127
1716 0.656828 0.332006
1721 0.659895 0.451312
1726 0.654488 0.40887
1731 0.603369 0.336421
1736 0.507845 0.4253
1741 0.453955 0.429365
1746 0.40755 0.489611
1751 0.355174 0.497946
1756 0.336442 0.514154
1761 0.335486 0.488909
1766 0.329395 0.494311
1771 0.348769 0.477891
1776 0.357859 0.467615
1781 0.344838 0.457801
1786 0.321727 0.407073
1791 0.299121 0.357153
1796 0.277421 0.357326
1801 0.271719 0.392626
1806 0.274065 0.41423
1811 0.263705 0.404614
1816 0.246533 0.340088
1821 0.243999 0.411926
1826 0.244324 0.410789
1831 0.233239 0.437694
1836 0.225518 0.365813
1841 0.206561 0.37098
1846 0.169751 0.316133
1851 0.138619 0.246515
1856 0.122862 0.223828
1861 0.144191 0.206399
1866 0.148546 0.224516
1871 0.175069 0.256082
1876 0.190187 0.308483
1881 0.210933 0.342763
1886 0.23452 0.360386
1891 0.25785 0.331841
1896 0.255369 0.358872
1901 0.285217 0.381778
1906 0.333107 0.429051
1911 0.318071 0.35727
1916 0.308543 0.351214
1921 0.287405 0.378553
1926 0.259674 0.343507
1931 0.239366 0.317644
1936 0.205156 0.250044
1941 0.180373 0.204394
1946 0.157259 0.188835
1951 0.106672 0.145987
1956 0.0680514 0.107127
1961 0.0369618 0.0863523
1966 0.00967626 0.0251752
1971 0.00294664 0.00998327
1976 0.00266432 0.00497576
1981 0.00218086 0.00521925
1986 0.00231496 0.0752927
1991 0.00255846 0.00913634
1996 0.00277725 0.00683196
2001 0.00849055 0.0102832
2006 0.0626098 0.044076
2011 0.132087 0.0842032
2016 0.20185 0.157057
2021 0.253608 0.236475
2026 0.294586 0.323082
2031 0.291597 0.196408
2036 0.262462 0.259022
2041 0.225123 0.25724
2046 0.173121 0.284991
2051 0.151799 0.206025
2056 0.111443 0.162972
2061 0.0729601 0.100581
2066 0.0490236 0.0751127
2071 0.027409 0.0622922
2076 0.00869522 0.0233261
2081 0.00856112 0.0209229
2086 0.00756597 0.028623
2091 0.00598149 0.0155801
2096 0.00640849 0.0152766
2101 0.0122135 0.0189573
2106 0.0340857 0.0438925
2111 0.0714427 0.0603796
2116 0.128255 0.0746681
2121 0.188214 0.101537
2126 0.253217 0.130774
2131 0.319126 0.183965
2136 0.322217 0.218062
2141 0.313307 0.224724
2146 0.297741 0.217317
2151 0.276761 0.215937
2156 0.258009 0.181732
2161 0.243025 0.18544
2166 0.223764 0.185472
2171 0.194474 0.239577
2176 0.148027 0.14501
2181 0.0960639 0.201553
2186 0.0639791 0.121405
2191 0.0343645 0.014045
2196 0.0186044 0.0532159
2201 0.012143 0.0389379
2206 0.00454523 0.0237919
2211 0.00458052 0.0363901
2216 0.00439702 0.0129264
2221 0.00395237 0.0106432
2226 0.00441466 0.00793298
2231 0.00476755 0.0106396
2236 0.00436526 0.0192502
2241 0.00464404 0.0144403
2246 0.00515926 0.0129193
2251 0.00557567 0.0171258
2256 0.00701193 0.0203018
2261 0.00711427 0.0324906
2266 0.00956686 0.0193702
2271 0.0398802 0.0499199
2276 0.0678997 0.103252
2281 0.0872028 0.142652
2286 0.0966532 0.154661
2291 0.101237 0.170418
2296 0.0969214 0.18904
2301 0.105232 0.178898
2306 0.0914163 0.178217
2311 0.0726496 0.174046
2316 0.0596173 0.154386
2321 0.0511374 0.142832
2326 0.0402472 0.116401
2331 0.0353561 0.117918
2336 0.0279101 0.0653977
2341 0.0226062 0.081433
2346 0.014278 0.0600867
2351 0.0140944 0.0482366
2356 0.0128487 0.0496517
2361 0.0130711 0.0574259
2366 0.0136604 0.051522
2371 0.0142532 0.0548568
2376 0.0138333 0.0461334
2381 0.00845526 0.0336905
2386 0.0475908 0.0639473
2391 0.0690571 0.0776394
2396 0.0767502 0.1254
2401 0.0747422 0.146044
2406 0.0740788 0.120374
2411 0.0551321 0.0944794
2416 0.0362101 0.0916104
2421 0.0130217 0.0524042
2426 0.0004517 0.0237213
2431 0.00143274 0.0221404
2436 0.0410129 0.0417928
2441 0.0519278 0.0644308
2446 0.0552168 0.093269
2451 0.0556755 0.0839809
2456 0.0514938 0.102486
2461 0.0393614 0.103213
2466 0.0211699 0.059215
2471 0.0110102 0.0398696
2476 0.0067508 0.0306062
2481 0.0160883 0.0358572
2486 0.0186856 0.0467686
2491 0.0199383 0.0493694
2496 0.0194901 0.0518255
2501 0.0197619 0.0392591
2506 0.0169705 0.043769
2511 0.0451065 0.0474391
2516 0.0701688 0.0991834
2521 0.0779465 0.118575
2526 0.0841432 0.150123
2531 0.087164 0.14778
2536 0.0853466 0.157227
2541 0.0835927 0.160876
2546 0.0686019 0.144212
2551 0.0466133 0.142871
2556 0.0245188 0.0971437
2561 0.00697312 0.0397849
2566 0.00383239 0.00459463
2571 0.00375828 0.0369088
2576 0.00381475 0.0508903
2581 0.00390297 0.0817047
2586 0.00403707 0.078257
2591 0.00411117 0.0485189
2596 0.00410412 0.051582
2601 0.00391709 0.0371841
2606 0.0039312 0.0582516
2611 0.00423116 0.100479
2616 0.00409353 0.0448347
2621 0.00408294 0.0573765
2626 0.0248329 0.0142603
2631 0.047799 0.0499128
2636 0.0524889 0.0899624
2641 0.0941194 0.144516
2646 0.148038 0.170721
2651 0.176586 0.247313
2656 0.184209 0.278604
2661 0.17635 0.286371
2666 0.152262 0.295235
2671 0.152675 0.347777
2676 0.149933 0.261527
2681 0.134151 0.233684
2686 0.10525 0.21225
2691 0.0870687 0.147074
2696 0.065193 0.102338
2701 0.0526019 0.0732213
2706 0.0526866 0.0744881
2711 0.0519984 0.0778265
2716 0.0546557 0.0857242
2721 0.0512326 0.0820118
2726 0.0514056 0.0892143
2731 0.0788216 0.0880532
2736 0.091381 0.0614171
2741 0.0962227 0.077276
2746 0.0967838 0.12102
2751 0.102476 0.0910775
2756 0.105751 0.0879686
2761 0.106728 0.100415
2766 0.110134 0.116468
2771 0.111263 0.117131
2776 0.113832 0.144971
2781 0.113751 0.138997
2786 0.113041 0.136459
2791 0.113588 0.139625
2796 0.112816 0.130023
2801 0.113419 0.123205
2806 0.114308 0.112526
2811 0.113913 0.0811789
2816 0.11566 0.0540911
2821 0.116517 0.0237178
2826 0.116846 0.0239577
2831 0.117064 0.0241448
2836 0.119669 0.0377769
2841 0.117714 0.0227191
2846 0.11692 0.0232625
2851 0.118137 0.0192149
2856 0.118194 0.0306662
2861 0.116563 0.0312661
2866 0.118557 0.0303874
2871 0.120593 0.0346962
2876 0.120307 0.0299181
2881 0.127496 0.0425833
2886 0.130287 0.0603337
2891 0.133054 0.0663293
2896 0.130361 0.0447218
2901 0.130368 0.0407306
2906 0.12853 0.0432079
2911 0.128883 0.054451
2916 0.129073 0.0401907
2921 0.127831 0.0497823
2926 0.128562 0.0433667
2931 0.131554 0.0485401
2936 0.13382 0.0677303
2941 0.136085 0.0563637
2946 0.144018 0.0520866
2951 0.15981 0.025694
2956 0.177455 0.0536746
2961 0.204888 0.0594973
2966 0.226489 0.0686901
2971 0.2573 0.0838785
2976 0.285499 0.122527
2981 0.303906 0.135408
2986 0.346944 0.157901
2991 0.371841 0.205643
2996 0.406555 0.210958
3001 0.463568 0.251135
3006 0.513113 0.260398
3011 0.577491 0.293901
3016 0.630774 0.311504
3021 0.6734 0.340924
3026 0.697943 0.223182
3031 0.727022 0.174053
3036 0.753654 0.169705
3041 0.723182 0.19488
3046 0.699909 0.173693
3051 0.694069 0.174529
3056 0.686146 0.170333
3061 0.702757 0.166882
3066 0.712962 0.172574
3071 0.72044 0.228183
3076 0.713781 0.181319
3081 0.722381 0.157696
3086 0.748269 0.131995
3091 0.757345 0.14429
3096 0.754032 0.177162
3101 0.746819 0.165068
3106 0.737502 0.19139
3111 0.729347 0.139854
3116 0.724304 0.115614
3121 0.720137 0.11301
3126 0.724696 0.112029
3131 0.733924 0.127806
3136 0.741882 0.0567589
3141 0.740311 0.0752574
3146 0.735237 0.0714709
3151 0.733225 0.0831481
3156 0.732075 0.095711
3161 0.730349 0.121236
3166 0.730198 0.107992
3171 0.727957 0.093456
3176 0.726976 0.0958486
3181 0.736116 0.106891
3186 0.744966 0.142557
3191 0.742521 0.120385
3196 0.742729 0.144043
3201 0.740883 0.136237
3206 0.740382 0.105493
3211 0.737015 0.159034
3216 0.737622 0.0425657
3221 0.736034 0.0480637
3226 0.73517 0.0126158
3231 0.734238 0.0299004
3236 0.735187 0.0900859
3241 0.734679 0.0283442
3246 0.734383 0.0296746
3251 0.734171 0.0251399
3256 0.732862 0.023192
3261 0.731457 0.0310297
3266 0.731934 0.0126194
3271 0.732569 0.0255563
3276 0.733659 0.0141156
3281 0.734792 0.015319
3286 0.741755 0.0582481
3291 0.739666 0.00954922
3296 0.740692 0.0142568
3301 0.739521 0.0128135
3306 0.740015 0.023139
3311 0.743067 0.0384933
3316 0.740565 0.0223909
3321 0.739105 0.0250729
3326 0.739563 0.0351479
3331 0.740121 0.0345868
3336 0.731761 0.0564872
3341 0.732347 0.0373958
3346 0.731267 0.0461757
3351 0.730381 0.0418881
3356 0.732774 0.0413058
3361 0.739256 0.0473191
3366 0.737605 0.0488295
3371 0.734549 0.0444395
3376 0.734355 0.0293958
3381 0.734312 0.0242048
3386 0.732558 0.0625922
3391 0.731849 0.0186326
3396 0.730953 0.0260116
3401 0.731115 0.0272961
3406 0.732488 0.0200407
3411 0.732301 0.046511
3416 0.731969 0.0275325
3421 0.731824 0.0228426
3426 0.731902 0.0402436
3431 0.732138 0.0283477
3436 0.749659 0.155674
3441 0.750319 0.0246494
3446 0.752571 0.00753068
3451 0.753792 0.0216887
3456 0.754787 0.0288664
3461 0.760472 0.0932372
3466 0.761294 0.0202383
3471 0.760292 0.0192714
3476 0.760857 0.0161377
3481 0.761005 0.0113913
3486 0.763613 0.0356525
3491 0.763793 0.0100327
3496 0.76399 0.0326071
3501 0.761929 0.0186926
3506 0.762399 0.0362419
3511 0.761365 0.0524466
3516 0.760412 0.0155201
3521 0.761517 0.0779641
3526 0.761531 0.123131
3531 0.761707 0.0630192
3536 0.760052 0.172708
3541 0.760137 0.0590104
3546 0.759135 0.00743893
3551 0.75989 0.0199489
3556 0.759784 0.0161765
3561 0.760687 0.0428374
3566 0.761559 0.0211628
3571 0.762021 0.0509962
3576 0.760761 0.0425092
3581 0.760426 0.0256093
3586 0.759914 0.0231143
3591 0.75995 0.0192678
3596 0.756798 0.0507598
3601 0.757183 0.0115148
3606 0.757109 0.0100397
3611 0.756326 0.00682843
3616 0.75611 0.0118536
3621 0.762935 0.0546345
3626 0.761915 0.0226909
3631 0.760948 0.0187632
3636 0.762473 0.0133922
3641 0.763697 0.00950687
3646 0.764072 0.0257928
3651 0.764283 0.0154425
3656 0.763973 0.0104279
3661 0.763306 0.0393896
3666 0.762688 0.045657
3671 0.753054 0.046698
3676 0.750386 0.016547
3681 0.74961 0.0201112
3686 0.751075 0.0175069
3691 0.751138 0.0197936
3696 0.752775 0.0381404
3701 0.752317 0.0881344
3706 0.752433 0.09413
3711 0.75358 0.0903082
3716 0.753273 0.0765667
3721 0.750513 0.105511
3726 0.748795 0.0785217
3731 0.74852 0.0847572
3736 0.750393 0.0881944
3741 0.751498 0.0879932
3746 0.751431 0.123695
3751 0.751124 0.0864017
3756 0.750665 0.110169
3761 0.750944 0.0983047
3766 0.751731 0.00744599
3771 0.745908 0.0173446
3776 0.748103 0.019963
3781 0.750252 0.0426998
3786 0.749589 0.0454946
3791 0.749345 0.0368806
3796 0.750418 0.0418458
3801 0.745344 0.0486142
3806 0.740887 0.0675715
3811 0.754907 0.0906117
3816 0.768225 0.101025
3821 0.786914 0.154136
3826 0.786985 0.0121747
3831 0.7878 0.0177575
3836 0.787779 0.0126935
3841 0.787585 0.0162894
3846 0.786956 0.0379428
3851 0.786738 0.0155589
3856 0.786702 0.0203477
3861 0.786769 0.0234002
3866 0.786886 0.0317566
3871 0.786942 0.0438149
3876 0.787514 0.0278395
3881 0.788019 0.0277266
3886 0.7878 0.0377663
3891 0.787073 0.0254081
3896 0.785668 0.0420822
3901 0.785859 0.0358043
3906 0.78582 0.0561343
3911 0.785333 0.0309944
3916 0.784814 0.0279242
3921 0.785905 0.0424421
3926 0.786477 0.0250658
3931 0.786381 0.0266891
3936 0.786685 0.0220909
3941 0.786773 0.0192008
3946 0.785838 0.0385356
3951 0.785848 0.0154284
3956 0.786776 0.0520761
3961 0.787352 0.0314073
3966 0.787158 0.0298475
3971 0.789716 0.0206688
3976 0.78865 0.0246247
3981 0.787154 0.0210146
3986 0.785637 0.0184209
3991 0.787578 0.021371
3996 0.787383 0.0742905
4001 0.787613 0.0705887
4006 0.787648 0.0332529
4011 0.787239 0.0600655
4016 0.787578 0.0179727
4021 0.787814 0.0442419
4026 0.787779 0.0179586
4031 0.787066 0.0130746
4036 0.787669 0.0211276
4041 0.787482 0.0166247
4046 0.783622 0.0344174
4051 0.784701 0.0432326
4056 0.784666 0.0424598
4061 0.784814 0.0648754
4066 0.785538 0.0188514
4071 0.786734 0.0664422
4076 0.786526 0.0248329
4081 0.786847 0.0135051
4086 0.787105 0.00974331
4091 0.786865 0.0213605
4096 0.788248 0.054331
4101 0.788156 0.0959615
4106 0.786889 0.0489777
4111 0.787334 0.078804
4116 0.787267 0.00990917
4121 0.786032 0.0254011
4126 0.786272 0.0237566
4131 0.786904 0.173368
4136 0.786646 0.133294
4141 0.785743 0.152625
4146 0.78456 0.203226
4151 0.782761 0.197375
4156 0.781151 0.210919
4161 0.780834 0.226655
4166 0.784941 0.227893
4171 0.788149 0.199651
4176 0.793538 0.270131
4181 0.795803 0.139688
4186 0.799533 0.174081
4191 0.806828 0.179727
4196 0.80735 0.243819
4201 0.811207 0.197287
4206 0.81487 0.223598
4211 0.824472 0.360485
4216 0.835352 0.483347
4221 0.842269 0.507898
4226 0.844146 0.509408
4231 0.846214 0.489258
4236 0.85438 0.441515
4241 0.856952 0.452416
4246 0.84915 0.519903
4251 0.834029 0.502386
4256 0.790485 0.557916
4261 0.737241 0.491728
4266 0.728179 0.494276
4271 0.723475 0.438064
4276 0.745594 0.446025
4281 0.761231 0.535353
4286 0.758686 0.542784
4291 0.760765 0.537999
4296 0.704369 0.578737
4301 0.702905 0.631928
4306 0.705291 0.600577
4311 0.712909 0.65819
4316 0.724149 0.600291
4321 0.680719 0.565454
4326 0.64663 0.58337
4331 0.623586 0.613931
4336 0.603919 0.578984
4341 0.590375 0.553495
4346 0.58402 0.538776
4351 0.594264 0.587439
4356 0.585541 0.550001
4361 0.560245 0.545604
4366 0.553061 0.528697
4371 0.542675 0.222226
4376 0.532491 0.491015
4381 0.522832 0.475456
4386 0.515111 0.487084
4391 0.496196 0.392442
4396 0.471472 0.488175
4401 0.440669 0.462138
4406 0.410175 0.457346
4411 0.383606 0.412455
4416 0.387837 0.471003
4421 0.410563 0.395128
4426 0.430428 0.374233
4431 0.426295 0.473127
4436 0.438421 0.506617
4441 0.434606 0.497353
4446 0.441032 0.486371
4451 0.459104 0.506864
4456 0.462135 0.537526
4461 0.453958 0.54174
4466 0.462523 0.50151
4471 0.496097 0.48761
4476 0.508127 0.463186
4481 0.491707 0.24798
4486 0.473526 0.409184
4491 0.454209 0.488835
4496 0.457893 0.442567
4501 0.492935 0.479857
4506 0.535257 0.448534
4511 0.597599 0.486858
4516 0.646195 0.454946
4521 0.660823 0.495836
4526 0.702729 0.470925
4531 0.75863 0.521586
4536 0.767982 0.539245
4541 0.740329 0.582421
4546 0.698914 0.512485
4551 0.673816 0.502326
4556 0.68525 0.570493
4561 0.617209 0.501239
4566 0.569442 0.516286
4571 0.523566 0.550908
4576 0.503956 0.463236
4581 0.48202 0.534093
4586 0.475192 0.48225
4591 0.467266 0.530913
4596 0.505127 0.413185
4601 0.50542 0.481537
4606 0.503963 0.404765
4611 0.494858 0.465177
4616 0.446301 0.448676
4621 0.411601 0.425646
4626 0.354831 0.398046
4631 0.353946 0.380338
4636 0.375179 0.44087
4641 0.418133 0.426825
4646 0.456037 0.452794
4651 0.462396 0.447056
4656 0.452392 0.459199
4661 0.419569 0.249338
4666 0.390925 0.399709
4671 0.372561 0.316666
4676 0.311895 0.304312
4681 0.255796 0.378235
4686 0.249846 0.323636
4691 0.254678 0.267364
4696 0.253806 0.293312
4701 0.263306 0.296679
4706 0.263295 0.317534
4711 0.279849 0.377663
4716 0.338041 0.396402
4721 0.40069 0.413672
4726 0.401297 0.399017
4731 0.375313 0.441247
4736 0.344096 0.435746
4741 0.309033 0.361353
4746 0.294738 0.346754
4751 0.242051 0.346313
4756 0.191327 0.334011
4761 0.152671 0.281967
4766 0.117707 0.215757
4771 0.0848808 0.176678
4776 0.0598114 0.160657
4781 0.0258245 0.13845
4786 0.0118854 0.0635097
4791 0.00168329 0.0179657
4796 0.00235378 0.0174222
4801 0.00190561 0.0131487
4806 0.00151743 0.00651436
4811 0.00238201 0.00500046
4816 0.00271726 0.0063238
4821 0.0023079 0.0157213
4826 0.00334187 0.00913634
4831 0.00298192 0.00857524
4836 0.0058721 0.0239683
4841 0.00655318 0.0139109
4846 0.00729425 0.0142285
4851 0.00655671 0.0167835
4856 0.00696959 0.0137874
4861 0.00608736 0.0150543
4866 0.00543099 0.0166741
4871 0.00529336 0.0134522
4876 0.00471109 0.0157213
4881 0.0040406 0.0132334
4886 0.00435467 0.0402719
4891 0.00397708 0.0103009
4896 0.00364536 0.0106008
4901 0.00277725 0.0103644
4906 0.0030031 0.00891401
4911 0.00217733 0.0221121
4916 0.00302427 0.0119842
4921 0.0408153 0.0587916
4926 0.0556332 0.092902
4931 0.103951 0.134511
4936 0.11205 0.188712
4941 0.113588 0.192604
4946 0.104533 0.18766
4951 0.0870263 0.128057
4956 0.0728366 0.127485
4961 0.0493941 0.105433
4966 0.0341139 0.0846796
4971 0.0564837 0.105927
4976 0.0885508 0.153786
4981 0.0983294 0.201758
4986 0.0962227 0.198974
4991 0.093516 0.209465
4996 0.0873439 0.196595
5001 0.0745446 0.145684
5006 0.0599702 0.140239
5011 0.0358149 0.105133
5016 0.0172528 0.0623452
5021 0.0105197 0.0549909
5026 0.011716 0.0356278
5031 0.0139568 0.0434761
5036 0.0148002 0.0467051
5041 0.0154954 0.0419022
5046 0.0165294 0.0735283
5051 0.0269397 0.0676138
5056 0.0570236 0.0979377
5061 0.0942324 0.112696
5066 0.143277 0.153779
5071 0.196105 0.188779
5076 0.210115 0.161394
5081 0.199313 0.167514
5086 0.173301 0.166003
5091 0.140697 0.151062
5096 0.11476 0.162192
5101 0.0831128 0.1443
5106 0.0717709 0.112886
5111 0.0528312 0.112307
5116 0.025881 0.0932196
5121 0.00203971 0.02845
5126 0.000109396 0.11139
5131 8.82226e-05 0.119496
5136 3.52891e-05 0.0933854
5141 2.82312e-05 0.103245
5146 1.05867e-05 0.0777524
5151 1.05867e-05 0.0375793
5156 1.76445e-05 0.0611418
5161 9.88093e-05 0.111545
5166 5.99914e-05 0.0705957
5171 2.47023e-05 0.105553
5176 2.11734e-05 0.0953687
5181 2.82312e-05 0.0721344
5186 4.58758e-05 0.0710263
5191 1.41156e-05 0.11374
5196 7.05781e-06 0.0648013
5201 0 0.102236
5206 0 0.0453041
5211 0 0.0701829
5216 0 0.075515
5221 9.52804e-05 0.108937
5226 3.8818e-05 0.058908
5231 1.41156e-05 0.0781652
5236 1.41156e-05 0.131656
5241 7.05781e-06 0.085089
5246 4.23469e-05 0.0854701
5251 2.82312e-05 0.10489
5256 1.41156e-05 0.0685031
5261 0.0425727 0.0380557
5266 0.0621546 0.0819341
5271 0.0685949 0.114008
5276 0.0705534 0.11915
5281 0.0714109 0.105059
5286 0.0711286 0.12234
5291 0.0969567 0.159824
5296 0.126321 0.176276
5301 0.140736 0.211039
5306 0.153363 0.213785
5311 0.153705 0.188415
5316 0.152555 0.115215
5321 0.149319 0.0832045
5326 0.147787 0.0806708
5331 0.170047 0.109763
5336 0.186838 0.149555
5341 0.190275 0.16907
5346 0.193822 0.152329
5351 0.201765 0.164772
5356 0.239489 0.215881
5361 0.265053 0.208865
5366 0.26512 0.229372
5371 0.258778 0.2395
5376 0.259502 0.211614
5381 0.259625 0.197859
5386 0.26615 0.187148
5391 0.2848 0.232767
5396 0.302222 0.220077
5401 0.303168 0.181372
5406 0.302985 0.14532
5411 0.310088 0.126328
5416 0.316133 0.131889
5421 0.34994 0.149721
5426 0.36394 0.196556
5431 0.366547 0.175362
5436 0.368485 0.172472
5441 0.38048 0.188048
5446 0.386302 0.178725
5451 0.401268 0.222049
5456 0.401664 0.160646
5461 0.400926 0.145433
5466 0.398128 0.140203
5471 0.395763 0.133417
5476 0.391641 0.116274
5481 0.398689 0.120622
5486 0.415373 0.0887943
5491 0.433448 0.0950228
5496 0.457907 0.115236
5501 0.473452 0.132835
5506 0.493733 0.154855
5511 0.512404 0.155332
5516 0.521516 0.120703
5521 0.54414 0.147791
5526 0.571393 0.179032
5531 0.625897 0.0821741
5536 0.658857 0.203872
5541 0.684244 0.112953
5546 0.702958 0.116966
5551 0.714939 0.113927
5556 0.731913 0.117071
5561 0.75177 0.135009
5566 0.760504 0.15765
5571 0.758831 0.190229
5576 0.763278 0.206628
5581 0.763112 0.208205
5586 0.762688 0.22777
5591 0.768123 0.179914
5596 0.773215 0.173195
5601 0.770766 0.15013
5606 0.772661 0.139656
5611 0.771796 0.0627616
5616 0.771433 0.0828269
5621 0.775639 0.0962615
5626 0.775636 0.0802544
5631 0.774154 0.0677056
5636 0.772082 0.0509644
5641 0.774425 0.0837409
5646 0.794872 0.0714356
5651 0.792754 0.0709275
5656 0.785961 0.0727801
5661 0.783297 0.0739941
5666 0.784342 0.0660364
5671 0.782623 0.0427668
5676 0.784169 0.0610889
5681 0.784924 0.0602596
5686 0.783597 0.0549486
5691 0.783583 0.0569495
5696 0.783696 0.0647166
5701 0.783904 0.141608
5706 0.782108 0.0884944
5711 0.780982 0.0557249
5716 0.779196 0.0354373
5721 0.775939 0.0376781
5726 0.775802 0.0599702
5731 0.775918 0.0149908
5736 0.775466 0.0141968
