frame_number static_density dynamic_density
1 0.524901 0.0180536
6 0.558642 0.0588931
11 0.619788 0.16869
16 0.609562 0.163812
21 0.566064 0.103833
26 0.52986 0.0479216
31 0.530297 0.0491694
36 0.542225 0.0629447
41 0.542922 0.0590876
46 0.532096 0.0369338
51 0.525662 0.0161737
56 0.526262 0.0372579
61 0.525987 0.0755206
66 0.5261 0.0558788
71 0.525257 0.0261729
76 0.525403 0.0612592
81 0.525695 0.0203711
86 0.526262 0.106782
91 0.55506 0.181476
96 0.596192 0.250417
101 0.589774 0.230192
106 0.566615 0.136974
111 0.565351 0.116474
116 0.572693 0.128709
121 0.60538 0.161381
126 0.619771 0.174167
131 0.600227 0.148691
136 0.582578 0.111288
141 0.565919 0.0776922
146 0.545077 0.0398509
151 0.530378 0.00789239
156 0.528693 0.109035
161 0.527769 0.0457986
166 0.527623 0.0557491
171 0.526862 0.11576
176 0.527008 0.14088
181 0.527024 0.0689247
186 0.527315 0.0903817
191 0.527364 0.169711
196 0.526797 0.116717
201 0.526894 0.164217
206 0.526845 0.111174
211 0.526829 0.101143
216 0.527089 0.0744186
221 0.526927 0.24327
226 0.526781 0.0796532
231 0.52657 0.13934
236 0.526586 0.0646787
241 0.526716 0.185998
246 0.526116 0.128223
251 0.526213 0.0969451
256 0.526424 0.09701
261 0.526748 0.145726
266 0.52691 0.152629
271 0.526278 0.0920509
276 0.526619 0.0112309
281 0.526683 0.0583421
286 0.526894 0.1044
291 0.525144 0.144202
296 0.520201 0.0416336
301 0.515955 0.0629609
306 0.523069 0.0390892
311 0.526845 0.0190422
316 0.527445 0.0111174
321 0.52785 0.0623774
326 0.527397 0.0863949
331 0.52704 0.117657
336 0.527089 0.107479
341 0.527105 0.0109554
346 0.526424 0.0418118
351 0.535986 0.0690868
356 0.548416 0.0678227
361 0.54814 0.0685682
366 0.538627 0.0496718
371 0.531594 0.0323961
376 0.527121 0.0144559
381 0.526829 0.0047484
386 0.526651 0.0506442
391 0.527072 0.124512
396 0.526132 0.163034
401 0.533879 0.150571
406 0.557524 0.131497
411 0.541544 0.167102
416 0.507674 0.224115
421 0.527737 0.247095
426 0.537201 0.257483
431 0.568187 0.284304
436 0.575107 0.289312
441 0.572855 0.282732
446 0.567085 0.313962
451 0.56057 0.276039
456 0.566988 0.2874
461 0.575188 0.337201
466 0.570002 0.310023
471 0.561932 0.293056
476 0.551365 0.274548
481 0.545142 0.259865
486 0.543813 0.248862
491 0.545483 0.239381
496 0.54626 0.239964
501 0.546876 0.0466089
506 0.574022 0.122162
511 0.588591 0.220711
516 0.609918 0.300284
521 0.60786 0.301353
526 0.600875 0.218767
531 0.587619 0.0988251
536 0.572061 0.0465278
541 0.565238 0.00615833
546 0.562677 0.207098
551 0.562467 0.17608
556 0.562175 0.141512
561 0.560749 0.138968
566 0.559728 0.215574
571 0.560019 0.02862
576 0.576339 0.0687627
581 0.605348 0.0230127
586 0.631035 0.101126
591 0.658326 0.157135
596 0.686233 0.18193
601 0.709716 0.246933
606 0.717332 0.274564
611 0.719682 0.226675
616 0.725144 0.193615
621 0.727672 0.250758
626 0.732826 0.288648
631 0.736002 0.312147
636 0.740297 0.31999
641 0.745385 0.208217
646 0.747233 0.231521
651 0.7472 0.2299
656 0.746698 0.228182
661 0.749518 0.249931
666 0.755514 0.241569
671 0.760733 0.244697
676 0.765481 0.258553
681 0.769144 0.250839
686 0.774394 0.248829
691 0.778932 0.250077
696 0.778883 0.249024
701 0.779937 0.243692
706 0.77971 0.237793
711 0.780261 0.191022
716 0.77877 0.255312
721 0.772968 0.192367
726 0.771542 0.136018
731 0.769792 0.202317
736 0.768009 0.160635
741 0.767183 0.0906247
746 0.764217 0.145191
751 0.763731 0.287675
756 0.764006 0.198833
761 0.764233 0.265862
766 0.76352 0.0536099
771 0.759971 0.221198
776 0.760911 0.0641439
781 0.761105 0.114723
786 0.760538 0.0344056
791 0.760668 0.0376955
796 0.766502 0.0836723
801 0.775156 0.0912082
806 0.78334 0.120671
811 0.788283 0.142517
816 0.790211 0.15989
821 0.791038 0.190568
826 0.792043 0.107495
831 0.79214 0.0790374
836 0.792286 0.126165
841 0.792723 0.0818896
846 0.792189 0.240726
851 0.792221 0.111239
856 0.792448 0.111725
861 0.793112 0.110331
866 0.79274 0.109699
871 0.791702 0.233887
876 0.792286 0.164946
881 0.792788 0.121109
886 0.79261 0.0354266
891 0.792853 0.0376145
896 0.792545 0.0369986
901 0.792594 0.0365935
906 0.792221 0.165902
911 0.792497 0.0735921
916 0.792594 0.0440321
921 0.792837 0.0410988
926 0.792902 0.0398833
931 0.792253 0.168625
936 0.792205 0.0723928
941 0.793129 0.085066
946 0.792545 0.0857467
951 0.793015 0.121449
956 0.79154 0.0807066
961 0.79154 0.130654
966 0.79154 0.00797342
971 0.7912 0.00740621
976 0.79133 0.0637063
981 0.791638 0.202544
986 0.791378 0.105081
991 0.791476 0.119569
996 0.792059 0.0723766
1001 0.791816 0.0528158
1006 0.791249 0.15741
1011 0.791378 0.168366
1016 0.791832 0.0877725
1021 0.791735 0.0624909
1026 0.791702 0.0665748
1031 0.791832 0.0469978
1036 0.791265 0.202982
1041 0.791216 0.137493
1046 0.791184 0.0897982
1051 0.791557 0.170148
1056 0.791492 0.0455555
1061 0.790827 0.161883
1066 0.790925 0.0340653
1071 0.790779 0.0465927
1076 0.790989 0.0406936
1081 0.791378 0.0305324
1086 0.7912 0.0899117
1091 0.791978 0.00944818
1096 0.793437 0.0105826
1101 0.795446 0.0138076
1106 0.799044 0.0129649
1111 0.801102 0.0558302
1116 0.803193 0.0188964
1121 0.803873 0.0284256
1126 0.802431 0.0289928
1131 0.799887 0.0177619
1136 0.795235 0.0366421
1141 0.791492 0.0286687
1146 0.790438 0.0265781
1151 0.790795 0.0224941
1156 0.790908 0.0217
1161 0.791038 0.0477919
1166 0.791314 0.0233855
1171 0.791459 0.0285714
1176 0.791913 0.0240985
1181 0.79167 0.0211652
1186 0.791427 0.0332874
1191 0.791395 0.0178754
1196 0.791719 0.0197229
1201 0.791395 0.0129973
1206 0.791476 0.0570456
1211 0.791411 0.270432
1216 0.791589 0.0589742
1221 0.791702 0.0510493
1226 0.791427 0.0682603
1231 0.791314 0.0270805
1236 0.791151 0.245102
1241 0.791946 0.0887934
1246 0.792221 0.0852929
1251 0.792723 0.026497
1256 0.793145 0.06745
1261 0.795333 0.0317154
1266 0.796597 0.0129325
1271 0.79893 0.0140345
1276 0.802706 0.0253464
1281 0.806499 0.026416
1286 0.803711 0.0281501
1291 0.805753 0.0318289
1296 0.808962 0.0264322
1301 0.810145 0.0323799
1306 0.808654 0.0285876
1311 0.805089 0.0571267
1316 0.803776 0.0402561
1321 0.804197 0.0337736
1326 0.803355 0.0275504
1331 0.800567 0.0250547
1336 0.8006 0.0608054
1341 0.800697 0.0329471
1346 0.800648 0.0334009
1351 0.800405 0.0371769
1356 0.799968 0.0586986
1361 0.799465 0.190438
1366 0.799903 0.0317478
1371 0.798282 0.0271777
1376 0.796872 0.0251519
1381 0.794749 0.0185722
1386 0.792464 0.0233044
1391 0.793193 0.0162061
1396 0.793242 0.00546147
1401 0.793307 0.0483267
1406 0.793534 0.0453934
1411 0.791346 0.218118
1416 0.791832 0.101694
1421 0.791897 0.0467385
1426 0.791702 0.0872863
1431 0.792027 0.0509683
1436 0.790844 0.105956
1441 0.791524 0.0600276
1446 0.79154 0.0894903
1451 0.791524 0.109456
1456 0.792189 0.119601
1461 0.792205 0.249769
1466 0.791395 0.197812
1471 0.792464 0.134673
1476 0.79778 0.179953
1481 0.804214 0.139227
1486 0.812236 0.107593
1491 0.815185 0.31931
1496 0.813791 0.0240661
1501 0.810242 0.511903
1506 0.804878 0.515566
1511 0.794798 0.535694
1516 0.781087 0.211166
1521 0.776663 0.493817
1526 0.76412 0.514966
1531 0.77279 0.47706
1536 0.788315 0.417308
1541 0.790017 0.390244
1546 0.792075 0.404635
1551 0.77817 0.388251
1556 0.761316 0.522664
1561 0.767231 0.571364
1566 0.763941 0.553975
1571 0.750101 0.282684
1576 0.729519 0.531383
1581 0.740329 0.5783
1586 0.774621 0.561916
1591 0.757021 0.464662
1596 0.72563 0.487432
1601 0.723426 0.394587
1606 0.733133 0.508354
1611 0.719666 0.364687
1616 0.706879 0.477644
1621 0.721368 0.479151
1626 0.715987 0.390406
1631 0.741366 0.31931
1636 0.746293 0.402123
1641 0.729422 0.259314
1646 0.712098 0.500932
1651 0.736051 0.465246
1656 0.73503 0.079556
1661 0.713167 0.448651
1666 0.698501 0.295146
1671 0.715274 0.479361
1676 0.729779 0.402933
1681 0.735289 0.238635
1686 0.719034 0.18535
1691 0.664306 0.0658294
1696 0.668487 0.261616
1701 0.714302 0.329811
1706 0.750247 0.370505
1711 0.763601 0.408849
1716 0.754671 0.382676
1721 0.712179 0.445993
1726 0.693866 0.202625
1731 0.599514 0.289685
1736 0.623045 0.281679
1741 0.639592 0.262766
1746 0.63473 0.261243
1751 0.621262 0.250547
1756 0.592788 0.226821
1761 0.600032 0.162272
1766 0.633482 0.274111
1771 0.63332 0.243919
1776 0.661065 0.287076
1781 0.648456 0.351884
1786 0.589158 0.19953
1791 0.536504 0.102001
1796 0.522308 0.0493315
1801 0.524334 0.16681
1806 0.585949 0.228231
1811 0.635621 0.263398
1816 0.631181 0.224698
1821 0.604052 0.207066
1826 0.621262 0.244453
1831 0.645507 0.246949
1836 0.661373 0.241763
1841 0.623807 0.223175
1846 0.588737 0.152937
1851 0.548481 0.0642411
1856 0.525743 0.0362207
1861 0.574605 0.148432
1866 0.579856 0.177749
1871 0.566194 0.203646
1876 0.566567 0.219885
1881 0.529714 0.25079
1886 0.573908 0.29795
1891 0.58676 0.332064
1896 0.599627 0.335386
1901 0.632088 0.339632
1906 0.69748 0.497723
1911 0.675326 0.44387
1916 0.634033 0.253432
1921 0.541366 0.0362207
1926 0.522648 0.121076
1931 0.522502 0.0629285
1936 0.523021 0.0606434
1941 0.522891 0.0670448
1946 0.523118 0.170051
1951 0.522437 0.174054
1956 0.522632 0.273138
1961 0.522016 0.0688275
1966 0.522178 0.0901548
1971 0.522243 0.0819383
1976 0.522211 0.0863139
1981 0.522259 0.134624
1986 0.52294 0.135532
1991 0.522972 0.160911
1996 0.52328 0.121919
2001 0.524901 0.0239365
2006 0.539324 0.0865732
2011 0.615007 0.329925
2016 0.612398 0.394749
2021 0.644178 0.372044
2026 0.583 0.41948
2031 0.591281 0.272441
2036 0.585998 0.146779
2041 0.533425 0.0682603
2046 0.52341 0.0508873
2051 0.524334 0.0243416
2056 0.525484 0.0177133
2061 0.525646 0.00905923
2066 0.52751 0.0170975
2071 0.527607 0.019107
2076 0.526408 0.0138238
2081 0.527575 0.0183778
2086 0.526813 0.016984
2091 0.525889 0.00696864
2096 0.526538 0.0106474
2101 0.526294 0.079637
2106 0.511223 0.176161
2111 0.548691 0.236675
2116 0.605364 0.113054
2121 0.615412 0.199368
2126 0.626303 0.224277
2131 0.660708 0.357686
2136 0.649672 0.183826
2141 0.611279 0.175691
2146 0.57232 0.0530751
2151 0.559274 0.0827648
2156 0.541156 0.0664128
2161 0.584491 0.179045
2166 0.545628 0.158577
2171 0.533847 0.069103
2176 0.529017 0.0816141
2181 0.525128 0.174913
2186 0.52516 0.0885828
2191 0.526392 0.219302
2196 0.527008 0.237226
2201 0.527332 0.109148
2206 0.527542 0.171364
2211 0.527526 0.0753099
2216 0.527559 0.178041
2221 0.527575 0.102277
2226 0.527656 0.136553
2231 0.527866 0.255506
2236 0.527607 0.141609
2241 0.527559 0.17783
2246 0.527866 0.215039
2251 0.528288 0.195057
2256 0.52845 0.124139
2261 0.527559 0.0894579
2266 0.527818 0.0312454
2271 0.527559 0.159874
2276 0.577538 0.316101
2281 0.585155 0.279345
2286 0.55613 0.140491
2291 0.524625 0.0290576
2296 0.526149 0.0849364
2301 0.526667 0.0430273
2306 0.555109 0.115404
2311 0.524334 0.105081
2316 0.5525 0.0921319
2321 0.53148 0.0975934
2326 0.528272 0.0308403
2331 0.528223 0.117397
2336 0.527737 0.121206
2341 0.527964 0.119844
2346 0.528142 0.122146
2351 0.531237 0.0417632
2356 0.544883 0.105875
2361 0.532663 0.0624099
2366 0.528936 0.00693623
2371 0.528466 0.0122518
2376 0.528563 0.0707398
2381 0.528628 0.123637
2386 0.571477 0.0884855
2391 0.633709 0.0934608
2396 0.573503 0.184037
2401 0.528077 0.0562677
2406 0.526619 0.063917
2411 0.524609 0.0691192
2416 0.524009 0.0956324
2421 0.5255 0.206304
2426 0.527024 0.216401
2431 0.527121 0.0154769
2436 0.572855 0.112049
2441 0.555887 0.160473
2446 0.531189 0.0825541
2451 0.528012 0.0645653
2456 0.527623 0.0688113
2461 0.52811 0.112244
2466 0.527866 0.15002
2471 0.527753 0.154477
2476 0.529795 0.0124463
2481 0.557848 0.0809335
2486 0.545272 0.0793129
2491 0.529179 0.0212138
2496 0.528758 0.0352646
2501 0.528499 0.0706102
2506 0.528677 0.123458
2511 0.542484 0.0773195
2516 0.598639 0.251292
2521 0.588558 0.351641
2526 0.546601 0.154234
2531 0.523329 0.00946439
2536 0.523264 0.14135
2541 0.523086 0.129844
2546 0.524463 0.166956
2551 0.527024 0.214618
2556 0.527737 0.148027
2561 0.529357 0.0793129
2566 0.529341 0.132485
2571 0.529617 0.0614699
2576 0.530022 0.113038
2581 0.529989 0.169403
2586 0.529714 0.108419
2591 0.529665 0.14592
2596 0.529714 0.194814
2601 0.529925 0.243027
2606 0.530265 0.280658
2611 0.530297 0.131124
2616 0.53033 0.122583
2621 0.530378 0.187311
2626 0.530719 0.0343246
2631 0.5695 0.161105
2636 0.583583 0.217033
2641 0.577068 0.165886
2646 0.637858 0.344202
2651 0.679459 0.41969
2656 0.577781 0.315161
2661 0.53725 0.125176
2666 0.527494 0.0188802
2671 0.539438 0.0563326
2676 0.565173 0.130816
2681 0.609578 0.177149
2686 0.606077 0.146844
2691 0.571218 0.101499
2696 0.53289 0.0398995
2701 0.527251 0.0726683
2706 0.526408 0.133847
2711 0.525225 0.246463
2716 0.524852 0.0499959
2721 0.524641 0.102893
2726 0.526375 0.195884
2731 0.526862 0.0484402
2736 0.560311 0.145337
2741 0.600632 0.193615
2746 0.573001 0.196127
2751 0.542274 0.152176
2756 0.528029 0.149437
2761 0.537849 0.0486995
2766 0.526927 0.0165951
2771 0.528612 0.145483
2776 0.528806 0.205721
2781 0.529033 0.212106
2786 0.530119 0.177425
2791 0.530346 0.101386
2796 0.530719 0.100284
2801 0.531237 0.228669
2806 0.531594 0.273479
2811 0.531173 0.21465
2816 0.53127 0.129357
2821 0.531302 0.224099
2826 0.531318 0.132031
2831 0.531707 0.227842
2836 0.531302 0.224569
2841 0.531205 0.118759
2846 0.531335 0.106183
2851 0.531545 0.0295276
2856 0.53195 0.059671
2861 0.531383 0.0616482
2866 0.53101 0.0135321
2871 0.531642 0.0989547
2876 0.532145 0.0905275
2881 0.532242 0.0371769
2886 0.52644 0.104092
2891 0.545142 0.112147
2896 0.542614 0.0666072
2901 0.530767 0.0259298
2906 0.529682 0.0772709
2911 0.531513 0.0688599
2916 0.531869 0.194052
2921 0.532096 0.19966
2926 0.532339 0.216838
2931 0.532534 0.147152
2936 0.531902 0.165465
2941 0.531788 0.0285876
2946 0.531934 0.108824
2951 0.521125 0.183778
2956 0.513249 0.165124
2961 0.540118 0.27424
2966 0.570878 0.277433
2971 0.597294 0.328758
2976 0.606742 0.262718
2981 0.61008 0.23413
2986 0.614715 0.269297
2991 0.619869 0.244048
2996 0.651941 0.383081
3001 0.706199 0.393874
3006 0.708176 0.411847
3011 0.714545 0.437517
3016 0.741269 0.411895
3021 0.780844 0.391103
3026 0.817892 0.389239
3031 0.831083 0.336099
3036 0.822024 0.159776
3041 0.794555 0.0974475
3046 0.773876 0.089069
3051 0.755222 0.0565756
3056 0.740248 0.032153
3061 0.731561 0.0561543
3066 0.752257 0.146714
3071 0.757653 0.247597
3076 0.736861 0.233936
3081 0.741026 0.216222
3086 0.774945 0.242736
3091 0.791411 0.180715
3096 0.807244 0.18441
3101 0.81465 0.197148
3106 0.816109 0.16796
3111 0.813856 0.151949
3116 0.810583 0.13524
3121 0.808443 0.138044
3126 0.806012 0.021619
3131 0.805202 0.0553602
3136 0.806726 0.0843206
3141 0.808784 0.109148
3146 0.810388 0.151868
3151 0.805316 0.178786
3156 0.80846 0.195171
3161 0.812576 0.206175
3166 0.811523 0.218929
3171 0.812414 0.215056
3176 0.81256 0.223774
3181 0.811101 0.235816
3186 0.809416 0.269443
3191 0.81115 0.250304
3196 0.81397 0.32691
3201 0.813662 0.333992
3206 0.812981 0.282441
3211 0.813224 0.293412
3216 0.814456 0.113637
3221 0.815607 0.129033
3226 0.816692 0.0229479
3231 0.818264 0.0427842
3236 0.820971 0.0974475
3241 0.820728 0.0962483
3246 0.821376 0.0344218
3251 0.822251 0.216838
3256 0.822672 0.0110202
3261 0.82089 0.154331
3266 0.821862 0.0659266
3271 0.822121 0.00841099
3276 0.8217 0.0146179
3281 0.821522 0.016433
3286 0.820436 0.0141642
3291 0.820144 0.00787618
3296 0.820371 0.0541609
3301 0.820711 0.0248926
3306 0.820549 0.0388623
3311 0.820436 0.164687
3316 0.820533 0.0347622
3321 0.82042 0.0173406
3326 0.820452 0.0192691
3331 0.820728 0.0112309
3336 0.819528 0.146714
3341 0.819885 0.0281987
3346 0.819755 0.0598169
3351 0.819642 0.0214731
3356 0.818945 0.0183616
3361 0.818491 0.0279394
3366 0.818005 0.0324771
3371 0.817503 0.0405964
3376 0.816465 0.0264484
3381 0.815607 0.0449396
3386 0.813338 0.0505632
3391 0.814213 0.0666397
3396 0.814748 0.0395268
3401 0.814618 0.0324285
3406 0.81444 0.0286687
3411 0.813629 0.107252
3416 0.813937 0.0276315
3421 0.81337 0.0176647
3426 0.812754 0.0493639
3431 0.813257 0.0227372
3436 0.818313 0.182352
3441 0.818832 0.0417794
3446 0.81888 0.0135321
3451 0.819107 0.0167409
3456 0.818961 0.00944818
3461 0.819301 0.193615
3466 0.819464 0.0366745
3471 0.819771 0.191508
3476 0.820614 0.00996678
3481 0.820695 0.101159
3486 0.820663 0.114351
3491 0.820922 0.0589417
3496 0.821068 0.0300462
3501 0.820938 0.0241634
3506 0.820776 0.0228507
3511 0.82063 0.142679
3516 0.820792 0.0341788
3521 0.820922 0.0142128
3526 0.820452 0.0429301
3531 0.820452 0.0208573
3536 0.820711 0.0900899
3541 0.821084 0.0374524
3546 0.820695 0.0150393
3551 0.820614 0.0182481
3556 0.820323 0.0460741
3561 0.81995 0.0740134
3566 0.820112 0.0383761
3571 0.820355 0.126408
3576 0.820452 0.0332226
3581 0.820517 0.0176161
3586 0.820404 0.0212949
3591 0.819998 0.0164654
3596 0.820533 0.126521
3601 0.82089 0.17817
3606 0.820598 0.0265943
3611 0.820695 0.111288
3616 0.820841 0.0238554
3621 0.820728 0.131983
3626 0.820728 0.0374686
3631 0.820728 0.0109391
3636 0.82016 0.0113119
3641 0.820128 0.0139049
3646 0.820096 0.0489912
3651 0.820711 0.0245685
3656 0.820792 0.0245685
3661 0.820841 0.206936
3666 0.820647 0.126181
3671 0.819399 0.142663
3676 0.820112 0.056916
3681 0.820387 0.0309375
3686 0.819885 0.0478081
3691 0.820144 0.0346649
3696 0.820468 0.0426708
3701 0.822543 0.23366
3706 0.824957 0.249866
3711 0.829933 0.228782
3716 0.830938 0.200778
3721 0.835005 0.189093
3726 0.832412 0.177198
3731 0.832785 0.160814
3736 0.833255 0.15412
3741 0.832542 0.160927
3746 0.830224 0.170797
3751 0.828215 0.161737
3756 0.828101 0.163163
3761 0.827048 0.147476
3766 0.827048 0.145061
3771 0.827161 0.20094
3776 0.826513 0.0703995
3781 0.826951 0.0781784
3786 0.827631 0.0827324
3791 0.832315 0.0803014
3796 0.837874 0.0877238
3801 0.844518 0.21162
3806 0.850644 0.231537
3811 0.852816 0.256997
3816 0.854291 0.275861
3821 0.859104 0.200502
3826 0.858034 0.0202577
3831 0.858002 0.0389758
3836 0.857953 0.0451341
3841 0.858099 0.0461389
3846 0.859071 0.0553764
3851 0.858747 0.0607244
3856 0.858845 0.054323
3861 0.858699 0.0647111
3866 0.858164 0.0863139
3871 0.858148 0.0904141
3876 0.859201 0.0870756
3881 0.859428 0.0838182
3886 0.859752 0.0617778
3891 0.859671 0.0314237
3896 0.859687 0.0314237
3901 0.859152 0.0262539
3906 0.859331 0.0301758
3911 0.859347 0.0230613
3916 0.859736 0.0292521
3921 0.859558 0.0495746
3926 0.859606 0.0239689
3931 0.859979 0.0444697
3936 0.8604 0.0407909
3941 0.860157 0.0282473
3946 0.860206 0.150636
3951 0.859752 0.0458148
3956 0.860384 0.0496556
3961 0.860352 0.0388785
3966 0.859444 0.0217162
3971 0.859817 0.0451017
3976 0.859088 0.0275666
3981 0.85912 0.0202253
3986 0.859493 0.0286038
3991 0.860028 0.0273722
3996 0.860125 0.0221214
4001 0.860011 0.0496718
4006 0.860044 0.0276963
4011 0.860303 0.0541285
4016 0.860287 0.0260433
4021 0.859801 0.0279232
4026 0.859865 0.012025
4031 0.859736 0.022802
4036 0.859428 0.0582773
4041 0.859315 0.0296248
4046 0.86006 0.219269
4051 0.860092 0.0632688
4056 0.859282 0.0597358
4061 0.859541 0.042849
4066 0.859558 0.0267563
4071 0.86053 0.219415
4076 0.86019 0.0327364
4081 0.860028 0.0326878
4086 0.859898 0.0166599
4091 0.859428 0.0180861
4096 0.860627 0.171574
4101 0.860822 0.0456203
4106 0.860141 0.0478892
4111 0.8604 0.0582449
4116 0.860384 0.0737379
4121 0.86053 0.177473
4126 0.860433 0.0676444
4131 0.860433 0.12986
4136 0.860627 0.136148
4141 0.860579 0.151771
4146 0.860935 0.148594
4151 0.859428 0.132064
4156 0.856365 0.110882
4161 0.85395 0.123718
4166 0.849299 0.100332
4171 0.843692 0.0979337
4176 0.842168 0.195041
4181 0.844583 0.19248
4186 0.845944 0.198801
4191 0.846949 0.20376
4196 0.84716 0.208719
4201 0.846301 0.306572
4206 0.844923 0.155968
4211 0.842963 0.283348
4216 0.838392 0.379305
4221 0.835783 0.0906247
4226 0.831424 0.166113
4231 0.827907 0.00568836
4236 0.810809 0.352986
4241 0.778867 0.43016
4246 0.76198 0.374054
4251 0.7302 0.236399
4256 0.687367 0.32597
4261 0.683543 0.365724
4266 0.705891 0.498906
4271 0.737671 0.372628
4276 0.74934 0.502099
4281 0.735921 0.564687
4286 0.718823 0.506312
4291 0.728093 0.567264
4296 0.731335 0.537768
4301 0.722567 0.398396
4306 0.715274 0.364752
4311 0.71273 0.461729
4316 0.721741 0.47095
4321 0.730233 0.427161
4326 0.696005 0.477838
4331 0.642152 0.50218
4336 0.624828 0.369532
4341 0.628507 0.269427
4346 0.67189 0.346601
4351 0.684175 0.332745
4356 0.707301 0.391135
4361 0.690576 0.408541
4366 0.66651 0.414731
4371 0.65596 0.50628
4376 0.676979 0.543975
4381 0.654728 0.421052
4386 0.65301 0.348627
4391 0.662799 0.282668
4396 0.626562 0.309456
4401 0.630581 0.208249
4406 0.578543 0.165594
4411 0.544008 0.217681
4416 0.581574 0.278081
4421 0.683964 0.331967
4426 0.725403 0.440953
4431 0.686476 0.413338
4436 0.674824 0.373001
4441 0.608897 0.408314
4446 0.606774 0.41162
4451 0.626578 0.362321
4456 0.678195 0.320541
4461 0.717495 0.485876
4466 0.768884 0.539016
4471 0.726149 0.526068
4476 0.739616 0.474889
4481 0.737169 0.422705
4486 0.719472 0.472393
4491 0.692197 0.431732
4496 0.637226 0.413273
4501 0.683575 0.437728
4506 0.692569 0.390908
4511 0.773778 0.585593
4516 0.781963 0.576777
4521 0.75848 0.464841
4526 0.705275 0.447889
4531 0.717106 0.445507
4536 0.756081 0.413062
4541 0.758058 0.3918
4546 0.73597 0.411879
4551 0.695551 0.27471
4556 0.683364 0.416417
4561 0.633061 0.419464
4566 0.679556 0.381849
4571 0.710056 0.432963
4576 0.743246 0.404457
4581 0.734414 0.365205
4586 0.714707 0.332485
4591 0.707609 0.287999
4596 0.732874 0.36083
4601 0.715453 0.0703833
4606 0.69022 0.374475
4611 0.679361 0.211668
4616 0.659396 0.173373
4621 0.671194 0.171267
4626 0.647338 0.191184
4631 0.611506 0.201653
4636 0.618102 0.319083
4641 0.608897 0.362288
4646 0.630694 0.357637
4651 0.684677 0.374816
4656 0.743586 0.385107
4661 0.749307 0.404019
4666 0.705567 0.298047
4671 0.645458 0.0369176
4676 0.608054 0.226384
4681 0.574637 0.275666
4686 0.579613 0.297642
4691 0.565432 0.306993
4696 0.588494 0.306912
4701 0.589742 0.203387
4706 0.616952 0.231926
4711 0.614083 0.282052
4716 0.607147 0.450904
4721 0.710931 0.479572
4726 0.69163 0.380083
4731 0.619399 0.250952
4736 0.569046 0.0950814
4741 0.543084 0.0648894
4746 0.549599 0.058488
4751 0.560425 0.119553
4756 0.525549 0.0468682
4761 0.522421 0.0507738
4766 0.521886 0.112179
4771 0.52328 0.118742
4776 0.52341 0.0642249
4781 0.52341 0.0520865
4786 0.52362 0.116927
4791 0.524042 0.224018
4796 0.523442 0.141593
4801 0.523556 0.135094
4806 0.523377 0.113184
4811 0.524431 0.0992626
4816 0.525209 0.210712
4821 0.526424 0.217016
4826 0.52657 0.138968
4831 0.526845 0.172855
4836 0.526424 0.174443
4841 0.526683 0.219771
4846 0.526878 0.213354
4851 0.527105 0.206774
4856 0.527202 0.160862
4861 0.526619 0.161446
4866 0.526845 0.157832
4871 0.527153 0.155125
4876 0.527413 0.0981768
4881 0.527607 0.0846933
4886 0.527121 0.160587
4891 0.527186 0.217794
4896 0.526943 0.00286849
4901 0.527202 0.0240499
4906 0.527089 0.0421198
4911 0.526764 0.0519083
4916 0.526716 0.0315209
4921 0.603436 0.136618
4926 0.59355 0.191216
4931 0.586938 0.208346
4936 0.59167 0.224439
4941 0.533684 0.134154
4946 0.528499 0.00709829
4951 0.528093 0.172903
4956 0.527607 0.190584
4961 0.52388 0.181914
4966 0.525711 0.020987
4971 0.60423 0.141852
4976 0.616984 0.266413
4981 0.590503 0.303395
4986 0.535824 0.178284
4991 0.526035 0.0480026
4996 0.525905 0.11333
5001 0.526294 0.125581
5006 0.526003 0.168252
5011 0.526457 0.117462
5016 0.5267 0.0882586
5021 0.528758 0.0235151
5026 0.548724 0.0823434
5031 0.53793 0.055425
5036 0.527818 0.0122843
5041 0.527024 0.0833644
5046 0.52691 0.0336277
5051 0.523183 0.137606
5056 0.54464 0.229625
5061 0.573584 0.257224
5066 0.575172 0.20658
5071 0.587003 0.311223
5076 0.583745 0.206612
5081 0.581023 0.156697
5086 0.544624 0.052832
5091 0.522081 0.100413
5096 0.526829 0.120363
5101 0.528012 0.117721
5106 0.52905 0.100154
5111 0.529309 0.124966
5116 0.529568 0.116571
5121 0.529763 0.183129
5126 0.530719 0.110461
5131 0.53067 0.0044729
5136 0.529601 0.0065959
5141 0.529795 0.107576
5146 0.529698 0.137315
5151 0.530119 0.13054
5156 0.530152 0.127899
5161 0.529957 0.210858
5166 0.530314 0.0768819
5171 0.530119 0.110137
5176 0.5302 0.108063
5181 0.53067 0.235427
5186 0.529941 0.187294
5191 0.530119 0.138222
5196 0.529925 0.159776
5201 0.530297 0.161754
5206 0.530508 0.198736
5211 0.530443 0.258083
5216 0.530784 0.200664
5221 0.530265 0.190795
5226 0.530216 0.114253
5231 0.53033 0.0884369
5236 0.530573 0.129195
5241 0.531108 0.208978
5246 0.530557 0.224018
5251 0.530686 0.16352
5256 0.531027 0.19718
5261 0.541561 0.0672879
5266 0.629722 0.260724
5271 0.585188 0.16997
5276 0.541366 0.120865
5281 0.522956 0.0317965
5286 0.522356 0.00739
5291 0.526116 0.0947087
5296 0.604959 0.254744
5301 0.651017 0.278081
5306 0.57877 0.264419
5311 0.543684 0.18052
5316 0.513929 0.139211
5321 0.513232 0.0884369
5326 0.513168 0.0521027
5331 0.524139 0.106426
5336 0.565611 0.165205
5341 0.580391 0.235605
5346 0.568139 0.154331
5351 0.548254 0.103379
5356 0.563958 0.109926
5361 0.63554 0.203403
5366 0.63238 0.345564
5371 0.592821 0.283656
5376 0.566696 0.162515
5381 0.531318 0.0611782
5386 0.526521 0.0492181
5391 0.557653 0.137185
5396 0.59342 0.250855
5401 0.615347 0.28257
5406 0.600308 0.221895
5411 0.586776 0.158464
5416 0.570246 0.110331
5421 0.551965 0.144948
5426 0.583535 0.208849
5431 0.596791 0.20658
5436 0.565611 0.310396
5441 0.571947 0.344721
5446 0.538141 0.298598
5451 0.570359 0.342663
5456 0.583891 0.26839
5461 0.582222 0.23285
5466 0.56903 0.177538
5471 0.565367 0.157297
5476 0.572531 0.0905923
5481 0.574605 0.0906734
5486 0.564897 0.122843
5491 0.581201 0.158399
5496 0.587392 0.163714
5501 0.595948 0.199417
5506 0.605024 0.188785
5511 0.619091 0.235945
5516 0.622591 0.28095
5521 0.627145 0.351138
5526 0.647225 0.387732
5531 0.698128 0.44152
5536 0.737525 0.49184
5541 0.773357 0.269427
5546 0.784507 0.253545
5551 0.781217 0.256819
5556 0.78146 0.271971
5561 0.772725 0.236107
5566 0.77454 0.259752
5571 0.790049 0.272668
5576 0.801329 0.351382
5581 0.798477 0.429673
5586 0.799595 0.401896
5591 0.810372 0.322907
5596 0.819609 0.350636
5601 0.825881 0.291565
5606 0.832753 0.267969
5611 0.839332 0.134381
5616 0.840434 0.125176
5621 0.838619 0.165902
5626 0.836561 0.153359
5631 0.838571 0.201734
5636 0.836675 0.211879
5641 0.83661 0.225946
5646 0.835978 0.11166
5651 0.835167 0.170715
5656 0.835394 0.0060611
5661 0.837874 0.0688275
5666 0.838344 0.13665
5671 0.839494 0.21854
5676 0.841261 0.156762
5681 0.842687 0.117413
5686 0.842687 0.114983
5691 0.844745 0.143894
5696 0.845912 0.208541
5701 0.847516 0.212851
5706 0.85045 0.104108
5711 0.851049 0.124609
5716 0.851147 0.0954542
5721 0.853205 0.123961
5726 0.853189 0.0954218
5731 0.853529 0.0298193
5736 0.853561 0.0465278
