2871 0.120033 0.18604
2876 0.11882 0.0338255
2881 0.124166 0.0375266
2886 0.12749 0.0577788
2891 0.12962 0.0586228
2896 0.127728 0.0570079
2901 0.128667 0.053431
2906 0.128112 0.052101
2911 0.129493 0.0606908
2916 0.129646 0.050614
2921 0.128988 0.0572782
2926 0.12874 0.0527587
2931 0.132982 0.0583122
2936 0.133563 0.0835663
2941 0.139705 0.067366
2946 0.158875 0.0655501
2951 0.179464 0.0633579
2956 0.198481 0.0849985
2961 0.230743 0.0945528
2966 0.252807 0.120888
2971 0.280995 0.13821
2976 0.311495 0.165803
2981 0.331474 0.176683
2986 0.365876 0.200194
2991 0.391087 0.243581
2996 0.416691 0.236318
3001 0.463016 0.262814
3006 0.504583 0.295653
3011 0.550824 0.304988
3016 0.594208 0.32714
3021 0.627076 0.294473
3026 0.646298 0.178291
3031 0.670792 0.173114
3036 0.702465 0.16939
3041 0.670949 0.153819
3046 0.658417 0.159365
3051 0.653959 0.151502
3056 0.651351 0.151634
3061 0.66207 0.181363
3066 0.67039 0.1544
3071 0.673872 0.190779
3076 0.671468 0.134041
3081 0.678713 0.146968
3086 0.697577 0.134673
3091 0.699319 0.119832
3096 0.692728 0.130022
3101 0.688461 0.140011
3106 0.681859 0.154867
3111 0.678804 0.131542
3116 0.674518 0.098137
3121 0.672487 0.101652
3126 0.678899 0.110801
3131 0.683433 0.117699
3136 0.687306 0.0554332
3141 0.68693 0.0716225
3146 0.682352 0.0774245
3151 0.681044 0.0789554
3156 0.680105 0.0788238
3161 0.683579 0.0896313
3166 0.682271 0.101506
3171 0.679787 0.0814691
3176 0.678925 0.0802305
3181 0.685684 0.0959704
3186 0.690003 0.13589
3191 0.688329 0.122266
3196 0.689553 0.0333213
3201 0.68708 0.0886156
3206 0.686575 0.0903803
3211 0.682553 0.0820829
3216 0.682779 0.0402121
3221 0.68111 0.0521266
3226 0.680372 0.0221923
3231 0.679582 0.0382939
3236 0.681862 0.0867705
3241 0.681088 0.0317721
3246 0.679944 0.0310377
3251 0.678581 0.0287067
3256 0.677628 0.0294046
3261 0.676711 0.0247498
3266 0.677083 0.0360542
3271 0.679067 0.0147023
3276 0.683232 0.0213519
3281 0.684467 0.0232737
3286 0.694219 0.0702633
3291 0.692246 0.00732191
3296 0.691541 0.0135112
3301 0.690719 0.0156924
3306 0.690328 0.0261601
3311 0.693539 0.0504532
3316 0.691303 0.0351079
3321 0.688859 0.0364196
3326 0.688768 0.045751
3331 0.687123 0.0499636
3336 0.677679 0.0756926
3341 0.676857 0.0620865
3346 0.675318 0.0554368
3351 0.674306 0.0447462
3356 0.676342 0.0477313
3361 0.681121 0.0647536
3366 0.678044 0.0464963
3371 0.676159 0.0447608
3376 0.675881 0.027238
3381 0.675896 0.0258605
3386 0.674818 0.0723751
3391 0.675026 0.0244794
3396 0.675476 0.0277093
3401 0.678428 0.0274499
3406 0.678804 0.0155719
3411 0.676703 0.03863
3416 0.675238 0.0320425
3421 0.674789 0.0437305
3426 0.674021 0.0334784
3431 0.674241 0.0362698
3436 0.702286 0.120103
3441 0.704098 0.0107965
3446 0.714318 0.0279979
3451 0.717759 0.0441799
3456 0.718311 0.0207929
3461 0.72731 0.063051
3466 0.727456 0.019843
3471 0.726619 0.0173037
3476 0.727361 0.0168689
3481 0.727551 0.0177348
3486 0.726276 0.0298978
3491 0.728169 0.114213
3496 0.734482 0.0554916
3501 0.734398 0.00945199
3506 0.735461 0.0251188
3511 0.733214 0.0564744
3516 0.730496 0.0176106
3521 0.731292 0.0416443
3526 0.731574 0.0650605
3531 0.731347 0.0683232
3536 0.727712 0.172207
3541 0.727635 0.131623
3546 0.726963 0.00998908
3551 0.726904 0.0181258
3556 0.727171 0.0173804
3561 0.725976 0.0320352
3566 0.726027 0.0178992
3571 0.719736 0.0513886
3576 0.719133 0.0506213
3581 0.72012 0.0244173
3586 0.721636 0.0188894
3591 0.721406 0.0153819
3596 0.717964 0.0346768
3601 0.71788 0.0134454
3606 0.720353 0.0200147
3611 0.720562 0.0133468
3616 0.721172 0.0117611
3621 0.726353 0.0516845
3626 0.723517 0.0247973
3631 0.723375 0.0267593
3636 0.729338 0.0274901
3641 0.730189 0.0224224
3646 0.73279 0.0280089
3651 0.732487 0.0211327
3656 0.733835 0.0166679
3661 0.735534 0.0117465
3666 0.736736 0.0131641
3671 0.724643 0.0201572
3676 0.722096 0.0253161
3681 0.721811 0.0230655
3686 0.72092 0.0195543
3691 0.718914 0.0243662
3696 0.714745 0.0577825
3701 0.714011 0.0797153
3706 0.71256 0.0737306
3711 0.713251 0.073073
3716 0.712852 0.0645234
3721 0.704723 0.101469
3726 0.70283 0.0667083
3731 0.703408 0.0750715
3736 0.703835 0.0674464
3741 0.704219 0.0788384
3746 0.706108 0.112733
3751 0.705351 0.0950716
3756 0.705403 0.0870445
3761 0.705264 0.0124589
3766 0.702936 0.0140921
3771 0.694032 0.0293023
3776 0.697339 0.0320937
3781 0.700134 0.0442018
3786 0.698453 0.0380162
3791 0.697778 0.0352796
3796 0.70089 0.0655903
3801 0.696937 0.067545
3806 0.693908 0.0758571
3811 0.733024 0.0876949
3816 0.761968 0.102167
3821 0.796572 0.0387981
3826 0.800065 0.0142967
3831 0.802966 0.00929123
3836 0.803452 0.0155536
3841 0.803251 0.0178919
3846 0.802824 0.0322033
3851 0.801406 0.023756
3856 0.800273 0.0238766
3861 0.799711 0.0305445
3866 0.800193 0.0390429
3871 0.800229 0.0611036
3876 0.800262 0.0423202
3881 0.800799 0.026478
3886 0.800551 0.0259701
3891 0.800167 0.0286811
3896 0.798863 0.0356852
3901 0.798509 0.035086
3906 0.798783 0.0434602
3911 0.798165 0.0273037
3916 0.796488 0.0250092
3921 0.797226 0.0505153
3926 0.79754 0.0197407
3931 0.79723 0.0272124
3936 0.798242 0.0277897
3941 0.799385 0.0254988
3946 0.798578 0.0474755
3951 0.798563 0.017669
3956 0.7994 0.0416918
3961 0.799437 0.0217136
3966 0.800124 0.0259263
3971 0.802718 0.0973697
3976 0.801051 0.0127366
3981 0.798797 0.025634
3986 0.797548 0.0279285
3991 0.799981 0.0201791
3996 0.800971 0.101696
4001 0.800533 0.0345927
4006 0.799722 0.0301243
4011 0.799809 0.0160468
4016 0.8005 0.0158824
4021 0.800412 0.0385423
4026 0.800774 0.0325796
4031 0.800273 0.018608
4036 0.800745 0.0229741
4041 0.799177 0.0236355
4046 0.790134 0.0478226
4051 0.792418 0.0601646
4056 0.791786 0.0528464
4061 0.79423 0.0147352
4066 0.79818 0.0255207
4071 0.800379 0.0558314
4076 0.800558 0.0180819
4081 0.800792 0.0151846
4086 0.800818 0.0250677
4091 0.801103 0.0324042
4096 0.801165 0.0809575
4101 0.801355 0.08551
4106 0.800025 0.0728282
4111 0.799711 0.0577276
4116 0.800332 0.00804899
4121 0.799915 0.0295507
4126 0.799937 0.0254002
4131 0.800503 0.0412753
4136 0.799418 0.181418
4141 0.798121 0.196559
4146 0.79841 0.238806
4151 0.797146 0.236837
4156 0.795235 0.25623
4161 0.7948 0.204159
4166 0.79613 0.106361
4171 0.798143 0.21756
4176 0.803865 0.119931
4181 0.806854 0.14836
4186 0.812524 0.133307
4191 0.817146 0.176453
4196 0.816875 0.208569
4201 0.816715 0.233665
4206 0.819857 0.367879
4211 0.821753 0.293786
4216 0.82955 0.576677
4221 0.832305 0.566122
4226 0.840785 0.531949
4231 0.847285 0.512337
4236 0.856013 0.522556
4241 0.858691 0.549589
4246 0.841749 0.587287
4251 0.816094 0.565143
4256 0.766258 0.55846
4261 0.727109 0.418964
4266 0.728329 0.531792
4271 0.740028 0.516483
4276 0.754884 0.451204
4281 0.761786 0.501763
4286 0.75936 0.605559
4291 0.759879 0.557423
4296 0.708852 0.517532
4301 0.70195 0.627463
