4306 0.691972 0.375789
4311 0.703232 0.657441
4316 0.684544 0.643397
4321 0.659308 0.65868
4326 0.62461 0.617174
4331 0.61066 0.64374
4336 0.598044 0.646181
4341 0.604277 0.640306
4346 0.596981 0.648669
4351 0.598468 0.651778
4356 0.592629 0.650949
4361 0.586531 0.629736
4366 0.5745 0.524865
4371 0.570817 0.562307
4376 0.565333 0.553608
4381 0.56325 0.391218
4386 0.553886 0.449234
4391 0.535727 0.471259
4396 0.500385 0.548044
4401 0.468168 0.407532
4406 0.443801 0.455226
4411 0.429457 0.512066
4416 0.450805 0.5058
4421 0.464287 0.521325
4426 0.460462 0.543528
4431 0.446136 0.474872
4436 0.433432 0.417711
4441 0.442161 0.573857
4446 0.4582 0.566608
4451 0.460005 0.577065
4456 0.463411 0.524803
4461 0.451083 0.568895
4466 0.468664 0.501558
4471 0.493707 0.515084
4476 0.495632 0.349271
4481 0.450995 0.41181
4486 0.433717 0.470195
4491 0.438025 0.413447
4496 0.447762 0.522209
4501 0.488358 0.524985
4506 0.550576 0.529775
4511 0.61313 0.556706
4516 0.648822 0.52485
4521 0.66055 0.42603
4526 0.702768 0.50192
4531 0.755761 0.545647
4536 0.753854 0.547167
4541 0.731979 0.527726
4546 0.702871 0.523447
4551 0.683269 0.579827
4556 0.60629 0.566257
4561 0.590864 0.620791
4566 0.552286 0.624807
4571 0.512077 0.61077
4576 0.488891 0.612589
4581 0.461226 0.588051
4586 0.457287 0.578161
4591 0.47671 0.563579
4596 0.486962 0.525563
4601 0.479786 0.444225
4606 0.474094 0.508486
4611 0.451313 0.404949
4616 0.42747 0.430433
4621 0.405464 0.489512
4626 0.344956 0.418259
4631 0.359621 0.425219
4636 0.367031 0.459925
4641 0.407608 0.44937
4646 0.428507 0.496155
4651 0.440016 0.477631
4656 0.442311 0.505924
4661 0.41185 0.444854
4666 0.397915 0.373147
4671 0.365036 0.360809
4676 0.305708 0.398065
4681 0.258737 0.304327
4686 0.256914 0.330294
4691 0.272537 0.348408
4696 0.273804 0.328189
4701 0.281097 0.374042
4706 0.278408 0.379428
4711 0.309943 0.434101
4716 0.366439 0.413282
4721 0.392778 0.329402
4726 0.402088 0.416717
4731 0.382716 0.467795
4736 0.35607 0.417565
4741 0.329007 0.323205
4746 0.298777 0.384693
4751 0.254732 0.36976
4756 0.218152 0.247012
4761 0.174948 0.337597
4766 0.143201 0.234005
4771 0.116486 0.209588
4776 0.0813302 0.186281
4781 0.0565256 0.162175
4786 0.0289369 0.116522
4791 0.0109938 0.0541726
4796 0.0027585 0.0107673
4801 0.00211181 0.01019
4806 0.00258313 0.00804899
4811 0.00283888 0.00680675
4816 0.00317867 0.0094593
4821 0.00327732 0.0298868
4826 0.00391671 0.00932777
4831 0.00352577 0.00952872
4836 0.00709904 0.0282464
4841 0.00749363 0.0163245
4846 0.0073621 0.0202449
4851 0.00766536 0.0187103
4856 0.0077092 0.0190026
4861 0.0075119 0.0278225
4866 0.00729268 0.0237085
4871 0.00713192 0.0216479
4876 0.00708443 0.0182207
4881 0.00719769 0.0214031
4886 0.0073073 0.0402449
4891 0.00672271 0.0169858
4896 0.00726345 0.0193936
4901 0.00976255 0.0118086
4906 0.00884914 0.0180234
4911 0.00316406 0.0176837
4916 0.0182756 0.0193461
4921 0.0324079 0.0494887
4926 0.0582538 0.105313
4931 0.0863174 0.139781
4936 0.0940011 0.177253
4941 0.101118 0.192967
4946 0.105517 0.190264
4951 0.0903036 0.136628
4956 0.0774975 0.141619
4961 0.0630802 0.142467
4966 0.0564489 0.129303
4971 0.0665402 0.122741
4976 0.0784292 0.144787
4981 0.0785863 0.0724226
4986 0.0823094 0.175105
4991 0.084476 0.177586
4996 0.0887252 0.162646
5001 0.0792257 0.15958
5006 0.0719221 0.158766
5011 0.0496385 0.0886266
5016 0.0279614 0.131992
5021 0.0198722 0.0597189
5026 0.00974793 0.0447243
5031 0.0117355 0.0335588
5036 0.0135477 0.0450093
5041 0.0149544 0.054834
5046 0.029463 0.082894
5051 0.062123 0.077936
5056 0.0920902 0.131835
5061 0.134896 0.129602
5066 0.171437 0.192025
5071 0.20467 0.177717
5076 0.214042 0.187271
5081 0.199416 0.173092
5086 0.177973 0.180812
5091 0.143709 0.162905
5096 0.132938 0.14718
5101 0.104615 0.154136
5106 0.080446 0.150125
5111 0.0588712 0.147268
5116 0.042945 0.116862
5121 0.0169895 0.0433761
5126 0.000248448 0.00926565
5131 0.00018999 0.0887873
5136 0.000175375 0.0947574
5141 0.000113263 0.0955356
5146 0.00012057 0.0483597
5151 0.000109609 0.031911
5156 0.000124224 0.0833251
5161 0.000200951 0.125682
5166 0.000131531 0.0567521
5171 0.000135185 0.0574207
5176 0.000116917 0.0801866
5181 5.11511e-05 0.016266
5186 0.00012057 0.0930073
5191 2.92292e-05 0.083716
5196 1.82682e-05 0.0795107
5201 0 0.0792878
5206 0 0.0656524
5211 0 0.0484474
5216 0 0.0388712
5221 0.000204604 0.0621705
5226 0.000138839 0.0585534
5231 0.00012057 0.0324334
5236 0.000105956 0.0993098
5241 9.86485e-05 0.0826638
5246 0.000164414 0.0788056
5251 0.000175375 0.109324
5256 0.0112605 0.00916335
5261 0.0380637 0.040877
5266 0.0477386 0.0843847
5271 0.054443 0.0936101
5276 0.0582611 0.0880383
5281 0.060541 0.098422
5286 0.0681588 0.109003
5291 0.103822 0.17547
5296 0.128367 0.175287
5301 0.149745 0.213198
5306 0.160768 0.207315
5311 0.163556 0.17265
5316 0.159781 0.0935042
5321 0.152529 0.0691709
5326 0.150085 0.0983635
5331 0.164685 0.120538
5336 0.174158 0.149083
5341 0.178711 0.141889
5346 0.18528 0.146172
5351 0.202153 0.169529
5356 0.228379 0.185174
5361 0.241557 0.208295
5366 0.239979 0.204067
5371 0.241912 0.178061
5376 0.248211 0.202405
5381 0.25075 0.188291
5386 0.27007 0.211988
5391 0.287882 0.215269
5396 0.291576 0.235722
5401 0.287641 0.187739
5406 0.289044 0.103139
5411 0.293165 0.118502
5416 0.308288 0.144878
5421 0.332135 0.121173
5426 0.34155 0.146029
5431 0.351843 0.145521
5436 0.367151 0.186073
5441 0.384174 0.190143
5446 0.394707 0.237743
5451 0.401331 0.195247
5456 0.398708 0.174981
5461 0.396074 0.173219
5466 0.390023 0.169635
5471 0.389413 0.160468
5476 0.392946 0.102905
5481 0.415182 0.117289
5486 0.436648 0.100508
5491 0.45747 0.112353
5496 0.476089 0.130275
5501 0.496681 0.145477
5506 0.512399 0.145295
5511 0.522698 0.125174
5516 0.52606 0.119935
5521 0.549922 0.164184
5526 0.5799 0.119905
5531 0.609151 0.0564635
5536 0.629944 0.197509
5541 0.646685 0.0905703
5546 0.660675 0.0757803
5551 0.67191 0.0932265
5556 0.687471 0.102836
5561 0.698475 0.110914
5566 0.702125 0.117845
5571 0.702615 0.162069
5576 0.704149 0.179043
5581 0.705373 0.178064
5586 0.707653 0.175766
5591 0.71085 0.125744
5596 0.720481 0.145057
5601 0.719619 0.121729
5606 0.720744 0.103979
5611 0.72111 0.070815
5616 0.720317 0.0727916
5621 0.728998 0.0756744
5626 0.726707 0.0651811
5631 0.721884 0.0560762
5636 0.724252 0.0681223
5641 0.748245 0.0736685
5646 0.797043 0.0695435
5651 0.794325 0.0702524
5656 0.789981 0.0709904
5661 0.790807 0.0920573
5666 0.791574 0.0659264
5671 0.791808 0.116551
5676 0.792188 0.0374536
5681 0.792707 0.0553016
5686 0.791274 0.0503692
5691 0.792093 0.0377605
5696 0.792805 0.00443188
5701 0.790441 0.0520828
5706 0.789838 0.0435003
5711 0.783459 0.0492987
5716 0.782454 0.0385789
5721 0.779334 0.0435661
5726 0.779437 0.0452358
5731 0.779115 0.0147279
