1436 0.754278 0.494032
1441 0.754413 0.265617
1446 0.757401 0.212368
1451 0.760101 0.353238
1456 0.768443 0.364623
1461 0.777847 0.360641
1466 0.784044 0.352131
1471 0.788004 0.293457
1476 0.791486 0.129701
1481 0.793974 0.217045
1486 0.814866 0.201842
1491 0.814446 0.402826
1496 0.817255 0.357988
1501 0.826696 0.580192
1506 0.831998 0.592629
1511 0.839404 0.531719
1516 0.832455 0.349936
1521 0.819429 0.451828
1526 0.806485 0.537006
1531 0.796879 0.555767
1536 0.780708 0.612414
1541 0.774749 0.471039
1546 0.773766 0.617054
1551 0.745531 0.606009
1556 0.742929 0.673693
1561 0.742385 0.620528
1566 0.740112 0.654054
1571 0.742995 0.557061
1576 0.753919 0.635117
1581 0.761358 0.604609
1586 0.753971 0.557832
1591 0.745388 0.617163
1596 0.736875 0.646418
1601 0.730072 0.686115
1606 0.728936 0.710394
1611 0.726415 0.666835
1616 0.69146 0.676283
1621 0.67975 0.601182
1626 0.691237 0.572344
1631 0.707346 0.472691
1636 0.711665 0.635665
1641 0.711186 0.621632
1646 0.695837 0.587748
1651 0.692936 0.561288
1656 0.706283 0.512278
1661 0.715845 0.382672
1666 0.728768 0.530572
1671 0.730079 0.544818
1676 0.713806 0.52694
1681 0.695695 0.464722
1686 0.6815 0.551135
1691 0.690017 0.306304
1696 0.694285 0.573725
1701 0.699937 0.564997
1706 0.688402 0.520999
1711 0.666276 0.536458
1716 0.655753 0.5312
1721 0.640653 0.479424
1726 0.635848 0.495585
1731 0.558069 0.48873
1736 0.490374 0.474379
1741 0.454054 0.509735
1746 0.393122 0.521273
1751 0.357243 0.486363
1756 0.346859 0.546305
1761 0.34683 0.515537
1766 0.357436 0.463926
1771 0.366059 0.50565
1776 0.362124 0.495015
1781 0.349906 0.349526
1786 0.330783 0.428014
1791 0.307955 0.409044
1796 0.300151 0.430995
1801 0.301981 0.425391
1806 0.297367 0.421956
1811 0.284115 0.47914
1816 0.273768 0.441215
1821 0.265649 0.44911
1826 0.251609 0.476158
1831 0.241565 0.411346
1836 0.22775 0.419855
1841 0.206596 0.423107
1846 0.184071 0.349585
1851 0.154012 0.276567
1856 0.147282 0.269088
1861 0.135401 0.258134
1866 0.143983 0.218821
1871 0.164429 0.233866
1876 0.189493 0.33603
1881 0.223717 0.371693
1886 0.248748 0.414368
1891 0.277023 0.39075
1896 0.276201 0.42439
1901 0.313194 0.448186
1906 0.343944 0.350794
1911 0.332957 0.373567
1916 0.314418 0.381039
1921 0.31063 0.388145
1926 0.278448 0.337433
1931 0.24254 0.316055
1936 0.229142 0.264316
1941 0.22052 0.242398
1946 0.184126 0.211079
1951 0.142741 0.191122
1956 0.0978411 0.185277
1961 0.0696166 0.0924117
1966 0.0383122 0.0552395
1971 0.0103179 0.0107454
1976 0.00665329 0.0156668
1981 0.00671906 0.0176544
1986 0.00686886 0.0226088
1991 0.00658388 0.0114469
1996 0.00713923 0.0193936
2001 0.0368215 0.0273256
2006 0.107326 0.088875
2011 0.172204 0.1525
2016 0.231893 0.174385
2021 0.254597 0.277107
2026 0.293308 0.262014
2031 0.282456 0.23155
2036 0.254425 0.287992
2041 0.228623 0.279
2046 0.191546 0.311335
2051 0.170994 0.257495
2056 0.127352 0.187023
2061 0.0860434 0.132836
2066 0.0609173 0.0974355
2071 0.0488237 0.114586
2076 0.0234455 0.0202449
2081 0.0134454 0.0297517
2086 0.0131093 0.0309756
2091 0.0109792 0.024706
2096 0.0147498 0.0196384
2101 0.0358386 0.0381441
2106 0.0698176 0.0697153
2111 0.122814 0.115017
2116 0.172763 0.103
2121 0.229566 0.138057
2126 0.292697 0.168788
2131 0.323308 0.22714
2136 0.327129 0.236577
2141 0.319709 0.229687
2146 0.305949 0.248518
2151 0.27657 0.260892
2156 0.274152 0.250724
2161 0.264338 0.239979
2166 0.249431 0.145952
2171 0.219953 0.208441
2176 0.172105 0.24178
2181 0.121531 0.21516
2186 0.0830474 0.147889
2191 0.0527002 0.105251
2196 0.0281769 0.0539205
2201 0.0177823 0.0485022
2206 0.0120205 0.0259226
2211 0.00527222 0.0166058
2216 0.00564489 0.0203435
2221 0.005612 0.0201316
2226 0.00570335 0.0163903
2231 0.00577276 0.0189296
2236 0.00603948 0.0285204
2241 0.00635004 0.0113848
2246 0.00643042 0.0183559
2251 0.00830109 0.0169493
2256 0.0093643 0.0246366
2261 0.0111436 0.0353198
2266 0.0278152 0.0482282
2271 0.0577971 0.0883343
2276 0.0758461 0.140961
2281 0.0844541 0.166895
2286 0.0908918 0.156705
2291 0.0920025 0.168766
2296 0.0918454 0.193421
2301 0.101151 0.191667
2306 0.0976036 0.2163
2311 0.081016 0.191444
2316 0.0658095 0.134133
2321 0.0553162 0.168915
2326 0.0496604 0.141681
2331 0.0406797 0.0946441
2336 0.0322361 0.0742312
2341 0.0270918 0.0939317
2346 0.018988 0.0779725
2351 0.0168397 0.0404532
2356 0.012923 0.0532702
2361 0.0122215 0.0488566
2366 0.0129083 0.0555355
2371 0.0153636 0.0608369
2376 0.0133175 0.0475924
2381 0.0137487 0.0488127
2386 0.0513338 0.0793536
2391 0.0626491 0.0984439
2396 0.0658387 0.10129
2401 0.0666462 0.116592
2406 0.070267 0.129668
2411 0.0620682 0.116117
2416 0.0493096 0.0950278
2421 0.0254586 0.0717065
2426 0.00594814 0.0278737
2431 0.0135441 0.0189551
2436 0.0360432 0.0494887
2441 0.0456706 0.0755246
2446 0.0504971 0.0947647
2451 0.0523677 0.0913485
2456 0.0523641 0.0994085
2461 0.051352 0.111908
2466 0.0311108 0.0703218
2471 0.0183194 0.0477715
2476 0.0143917 0.0359519
2481 0.0172014 0.036668
2486 0.0196786 0.0391379
2491 0.0209719 0.0401061
2496 0.0215748 0.0521339
2501 0.0229413 0.0410524
2506 0.0271685 0.049317
2511 0.0554368 0.07859
2516 0.0640923 0.12513
2521 0.0704533 0.130578
2526 0.0755538 0.129544
2531 0.0793828 0.157016
2536 0.0827953 0.161312
2541 0.083252 0.170315
2546 0.0805995 0.21988
2551 0.0679104 0.155795
2556 0.0442091 0.0981589
2561 0.0218123 0.0571029
2566 0.00809283 0.0351956
2571 0.00719403 0.00391671
2576 0.00729268 0.0442822
2581 0.00714288 0.0252467
2586 0.00741691 0.127275
2591 0.00736576 0.0176362
2596 0.00719038 0.0463538
2601 0.00713192 0.0272087
2606 0.00729999 0.02057
2611 0.00743152 0.111772
2616 0.00736576 0.00846916
2621 0.00730364 0.00826455
2626 0.029759 0.0190684
2631 0.040329 0.0576802
2636 0.0563831 0.0839682
2641 0.0942495 0.128568
2646 0.132383 0.210063
2651 0.155105 0.269924
2656 0.16676 0.280717
2661 0.170728 0.306508
2666 0.153 0.353629
2671 0.152807 0.308182
2676 0.156544 0.28037
2681 0.134166 0.264521
2686 0.120362 0.212949
2691 0.102912 0.191294
2696 0.0754442 0.11319
2701 0.0567667 0.0972601
2706 0.0497298 0.0729743
2711 0.0505702 0.0817942
2716 0.0522253 0.0772893
2721 0.0506725 0.0831863
2726 0.0579323 0.0984878
2731 0.0753127 0.0686411
2736 0.0812206 0.0671468
2741 0.0851739 0.0762005
2746 0.0911841 0.0808004
2751 0.0949839 0.0871322
2756 0.0979982 0.0961165
2761 0.101078 0.112127
2766 0.104527 0.135466
2771 0.108561 0.158437
2776 0.110176 0.130527
2781 0.111239 0.148612
2786 0.110607 0.164644
2791 0.11247 0.150033
2796 0.112317 0.143249
2801 0.113501 0.141166
2806 0.115152 0.10448
2811 0.114681 0.0828465
2816 0.11559 0.0350166
2821 0.116665 0.0285533
2826 0.115989 0.0296932
2831 0.118623 0.0208514
2836 0.118663 0.0575523
2841 0.116866 0.0302668
2846 0.11619 0.0238876
2851 0.124038 0.0297736
2856 0.12053 0.0400513
2861 0.116274 0.0302741
2866 0.117987 0.0346402
