1 0.0615676 0.0951374
6 0.0716371 0.0850898
11 0.0850496 0.0529852
16 0.0910928 0.064169
21 0.0947976 0.0684109
26 0.101674 0.0734383
31 0.107509 0.071111
36 0.109993 0.107183
41 0.112602 0.0981187
46 0.115433 0.106782
51 0.118097 0.0918527
56 0.127768 0.0740448
61 0.133713 0.0613228
66 0.130753 0.0544759
71 0.129584 0.0518307
76 0.131973 0.0411437
81 0.136953 0.0529268
86 0.153431 0.080552
91 0.175375 0.0759082
96 0.181159 0.0903292
101 0.182533 0.0939353
106 0.178919 0.0966061
111 0.190359 0.0781589
116 0.20216 0.0907822
121 0.203304 0.127498
126 0.206804 0.135908
131 0.211853 0.147918
136 0.216084 0.162657
141 0.220165 0.157538
146 0.220395 0.1506
151 0.217779 0.125949
156 0.212931 0.127279
161 0.207556 0.127052
166 0.203954 0.126983
171 0.201192 0.120201
176 0.199836 0.112076
181 0.199223 0.10589
186 0.198393 0.0850021
191 0.19805 0.0834018
196 0.19878 0.0514763
201 0.198649 0.0248448
206 0.198981 0.020855
211 0.199387 0.0250421
216 0.198349 0.0281514
221 0.200074 0.0646002
226 0.199445 0.0261455
231 0.199336 0.0223823
236 0.200293 0.0269785
241 0.197966 0.0205372
246 0.197012 0.020402
251 0.196709 0.0171283
256 0.196186 0.0116332
261 0.196946 0.011045
266 0.196596 0.0255975
271 0.19566 0.0568398
276 0.198053 0.0174462
281 0.204433 0.0210085
286 0.212964 0.0225467
291 0.209785 0.0174279
296 0.20303 0.0270808
301 0.197761 0.0326088
306 0.195642 0.0250531
311 0.197067 0.0353856
316 0.197447 0.0441836
321 0.198042 0.0927113
326 0.198715 0.0618453
331 0.19859 0.0543553
336 0.198561 0.0293973
341 0.200746 0.0172854
346 0.203936 0.0267191
351 0.203903 0.0303582
356 0.203771 0.0295799
361 0.204305 0.0269201
366 0.204524 0.0258021
371 0.203512 0.0262369
376 0.202978 0.0245781
381 0.202544 0.0232737
386 0.208276 0.0349033
391 0.213304 0.0540777
396 0.218064 0.0694157
401 0.219836 0.0638146
406 0.227304 0.0518051
411 0.241272 0.0788129
416 0.264451 0.10642
421 0.27911 0.127428
426 0.298996 0.141769
431 0.316497 0.163347
436 0.331704 0.197809
441 0.337276 0.233004
446 0.343311 0.235693
451 0.352636 0.250816
456 0.358723 0.256409
461 0.363571 0.256059
466 0.364875 0.259866
471 0.368021 0.27527
476 0.367298 0.260881
481 0.366863 0.263881
486 0.367875 0.246994
491 0.368204 0.2452
496 0.367436 0.24592
501 0.376527 0.0145342
506 0.398357 0.0445343
511 0.416311 0.0686082
516 0.424631 0.0841143
521 0.445292 0.0879433
526 0.455668 0.0732739
531 0.46002 0.079339
536 0.463414 0.0834968
541 0.46679 0.0980128
546 0.465862 0.104882
551 0.461401 0.101747
556 0.459603 0.0974867
561 0.457963 0.102182
566 0.453878 0.232639
571 0.459366 0.0473257
576 0.465683 0.0286044
581 0.476593 0.0477349
586 0.485522 0.0587762
591 0.495475 0.0645819
596 0.520652 0.0876255
601 0.539512 0.0759119
606 0.552395 0.07878
611 0.577054 0.0915933
616 0.586031 0.0932594
621 0.597054 0.108528
626 0.600039 0.104516
631 0.60317 0.114089
636 0.605125 0.105791
641 0.604471 0.0708735
646 0.606374 0.096175
651 0.608745 0.0604423
656 0.610115 0.0697774
661 0.611997 0.0728282
666 0.614957 0.086544
671 0.616827 0.0946405
676 0.61937 0.0950204
681 0.621957 0.115689
686 0.62298 0.114063
691 0.622794 0.116771
696 0.626648 0.185649
701 0.62667 0.131546
706 0.627006 0.104816
711 0.629093 0.136632
716 0.631109 0.0723495
721 0.637405 0.154761
726 0.637445 0.122094
731 0.636919 0.0937928
736 0.638658 0.0998323
741 0.639736 0.0114359
746 0.646984 0.145518
751 0.648625 0.0102923
756 0.648921 0.0851592
761 0.650123 0.0691563
766 0.652176 0.030581
771 0.661424 0.0681515
776 0.661296 0.112335
781 0.662235 0.027797
786 0.66332 0.0163464
791 0.665216 0.0116624
796 0.658808 0.0208769
801 0.655684 0.0227476
806 0.653166 0.0301426
811 0.653868 0.0397846
816 0.669787 0.0661712
821 0.691559 0.125455
826 0.71955 0.0494668
831 0.73952 0.0274901
836 0.74564 0.025634
841 0.749294 0.023683
846 0.762078 0.0773441
851 0.764493 0.0237706
856 0.764833 0.0359154
861 0.766104 0.0227184
866 0.766247 0.0444466
871 0.765096 0.0627478
876 0.767829 0.0379103
881 0.766722 0.0451664
886 0.765673 0.0314323
891 0.766791 0.016931
896 0.766188 0.0306249
901 0.765655 0.0205518
906 0.758589 0.0899199
911 0.758611 0.0173402
916 0.761468 0.0110998
921 0.762235 0.0150713
926 0.762462 0.00609063
931 0.762451 0.10068
936 0.763046 0.0177494
941 0.762345 0.0157436
946 0.759648 0.0199562
951 0.758918 0.0254002
956 0.767149 0.070921
961 0.76643 0.0495946
966 0.766101 0.0350275
971 0.765878 0.0221557
976 0.765008 0.0227988
981 0.750244 0.0468471
986 0.747781 0.031067
991 0.753671 0.0202704
996 0.754731 0.0128755
1001 0.75609 0.0193424
1006 0.749674 0.0397261
1011 0.750792 0.0366899
1016 0.751548 0.0286117
1021 0.752948 0.0301572
1026 0.752564 0.0295215
1031 0.752118 0.0262186
1036 0.752155 0.0434784
1041 0.750814 0.041151
1046 0.75164 0.0324663
1051 0.752977 0.0321411
1056 0.75305 0.0370334
1061 0.74301 0.0661566
1066 0.741862 0.0251115
1071 0.740532 0.02555
1076 0.745213 0.0232409
1081 0.746608 0.027406
1086 0.753488 0.0864271
1091 0.753792 0.0245817
1096 0.753554 0.0242821
1101 0.753313 0.0285569
1106 0.751998 0.0273329
1111 0.752484 0.0750679
1116 0.751504 0.0388967
1121 0.750836 0.0304678
1126 0.749192 0.0316552
1131 0.753189 0.0417539
1136 0.747887 0.032459
1141 0.749868 0.0414251
1146 0.747427 0.0315639
1151 0.74298 0.0261784
1156 0.739579 0.0283158
1161 0.747606 0.0579286
1166 0.744844 0.0416078
1171 0.74484 0.0362405
1176 0.745297 0.042207
1181 0.746693 0.0352796
1186 0.76317 0.061279
1191 0.762597 0.0315018
1196 0.764416 0.0199964
1201 0.766123 0.0233468
1206 0.764446 0.0298686
1211 0.762089 0.089613
1216 0.761201 0.0239716
1221 0.758381 0.0266936
1226 0.758611 0.0449618
1231 0.759195 0.0307162
1236 0.755089 0.0482574
1241 0.752253 0.036193
1246 0.758746 0.0342274
1251 0.757171 0.0356815
1256 0.754022 0.0334126
1261 0.739137 0.0433213
1266 0.744424 0.0267447
1271 0.746956 0.0271649
1276 0.752462 0.0279285
1281 0.750748 0.0389662
1286 0.750185 0.0568252
1291 0.749447 0.0346695
1296 0.750036 0.0420279
1301 0.751844 0.0370699
1306 0.751793 0.0374828
1311 0.742268 0.0410487
1316 0.737529 0.0336355
1321 0.732999 0.031246
1326 0.728545 0.0239387
1331 0.72838 0.0200293
1336 0.729203 0.0886302
1341 0.727737 0.06129
1346 0.728684 0.0424517
1351 0.729371 0.0387543
1356 0.732641 0.041721
1361 0.729024 0.0587543
1366 0.730299 0.0411876
1371 0.733707 0.0458643
1376 0.734142 0.0276837
1381 0.734508 0.0338145
1386 0.72598 0.0365365
1391 0.728523 0.033387
1396 0.730708 0.0193643
1401 0.736228 0.0150238
1406 0.739338 0.0205956
1411 0.751914 0.0346549
1416 0.751735 0.0266826
1421 0.753028 0.0625249
1426 0.752268 0.107596
1431 0.753189 0.177191
1436 0.754278 0.494032
1441 0.754413 0.265617
1446 0.757401 0.212368
1451 0.760101 0.353238
1456 0.768443 0.364623
1461 0.777847 0.360641
1466 0.784044 0.352131
1471 0.788004 0.293457
1476 0.791486 0.129701
1481 0.793974 0.217045
1486 0.814866 0.201842
1491 0.814446 0.402826
1496 0.817255 0.357988
1501 0.826696 0.580192
1506 0.831998 0.592629
1511 0.839404 0.531719
1516 0.832455 0.349936
1521 0.819429 0.451828
1526 0.806485 0.537006
1531 0.796879 0.555767
1536 0.780708 0.612414
1541 0.774749 0.471039
1546 0.773766 0.617054
1551 0.745531 0.606009
1556 0.742929 0.673693
1561 0.742385 0.620528
1566 0.740112 0.654054
1571 0.742995 0.557061
1576 0.753919 0.635117
1581 0.761358 0.604609
1586 0.753971 0.557832
1591 0.745388 0.617163
1596 0.736875 0.646418
1601 0.730072 0.686115
1606 0.728936 0.710394
1611 0.726415 0.666835
1616 0.69146 0.676283
1621 0.67975 0.601182
1626 0.691237 0.572344
1631 0.707346 0.472691
1636 0.711665 0.635665
1641 0.711186 0.621632
1646 0.695837 0.587748
1651 0.692936 0.561288
1656 0.706283 0.512278
1661 0.715845 0.382672
1666 0.728768 0.530572
1671 0.730079 0.544818
1676 0.713806 0.52694
1681 0.695695 0.464722
1686 0.6815 0.551135
1691 0.690017 0.306304
1696 0.694285 0.573725
1701 0.699937 0.564997
1706 0.688402 0.520999
1711 0.666276 0.536458
1716 0.655753 0.5312
1721 0.640653 0.479424
1726 0.635848 0.495585
1731 0.558069 0.48873
1736 0.490374 0.474379
1741 0.454054 0.509735
1746 0.393122 0.521273
1751 0.357243 0.486363
1756 0.346859 0.546305
1761 0.34683 0.515537
1766 0.357436 0.463926
1771 0.366059 0.50565
1776 0.362124 0.495015
1781 0.349906 0.349526
1786 0.330783 0.428014
1791 0.307955 0.409044
1796 0.300151 0.430995
1801 0.301981 0.425391
1806 0.297367 0.421956
1811 0.284115 0.47914
1816 0.273768 0.441215
1821 0.265649 0.44911
1826 0.251609 0.476158
1831 0.241565 0.411346
1836 0.22775 0.419855
1841 0.206596 0.423107
1846 0.184071 0.349585
1851 0.154012 0.276567
1856 0.147282 0.269088
1861 0.135401 0.258134
1866 0.143983 0.218821
1871 0.164429 0.233866
1876 0.189493 0.33603
1881 0.223717 0.371693
1886 0.248748 0.414368
1891 0.277023 0.39075
1896 0.276201 0.42439
1901 0.313194 0.448186
1906 0.343944 0.350794
1911 0.332957 0.373567
1916 0.314418 0.381039
1921 0.31063 0.388145
1926 0.278448 0.337433
1931 0.24254 0.316055
1936 0.229142 0.264316
1941 0.22052 0.242398
1946 0.184126 0.211079
1951 0.142741 0.191122
1956 0.0978411 0.185277
1961 0.0696166 0.0924117
1966 0.0383122 0.0552395
1971 0.0103179 0.0107454
1976 0.00665329 0.0156668
1981 0.00671906 0.0176544
1986 0.00686886 0.0226088
1991 0.00658388 0.0114469
1996 0.00713923 0.0193936
2001 0.0368215 0.0273256
2006 0.107326 0.088875
2011 0.172204 0.1525
2016 0.231893 0.174385
2021 0.254597 0.277107
2026 0.293308 0.262014
2031 0.282456 0.23155
2036 0.254425 0.287992
2041 0.228623 0.279
2046 0.191546 0.311335
2051 0.170994 0.257495
2056 0.127352 0.187023
2061 0.0860434 0.132836
2066 0.0609173 0.0974355
2071 0.0488237 0.114586
2076 0.0234455 0.0202449
2081 0.0134454 0.0297517
2086 0.0131093 0.0309756
2091 0.0109792 0.024706
2096 0.0147498 0.0196384
2101 0.0358386 0.0381441
2106 0.0698176 0.0697153
2111 0.122814 0.115017
2116 0.172763 0.103
2121 0.229566 0.138057
2126 0.292697 0.168788
2131 0.323308 0.22714
2136 0.327129 0.236577
2141 0.319709 0.229687
2146 0.305949 0.248518
2151 0.27657 0.260892
2156 0.274152 0.250724
2161 0.264338 0.239979
2166 0.249431 0.145952
2171 0.219953 0.208441
2176 0.172105 0.24178
2181 0.121531 0.21516
2186 0.0830474 0.147889
2191 0.0527002 0.105251
2196 0.0281769 0.0539205
2201 0.0177823 0.0485022
2206 0.0120205 0.0259226
2211 0.00527222 0.0166058
2216 0.00564489 0.0203435
2221 0.005612 0.0201316
2226 0.00570335 0.0163903
2231 0.00577276 0.0189296
2236 0.00603948 0.0285204
2241 0.00635004 0.0113848
2246 0.00643042 0.0183559
2251 0.00830109 0.0169493
2256 0.0093643 0.0246366
2261 0.0111436 0.0353198
2266 0.0278152 0.0482282
2271 0.0577971 0.0883343
2276 0.0758461 0.140961
2281 0.0844541 0.166895
2286 0.0908918 0.156705
2291 0.0920025 0.168766
2296 0.0918454 0.193421
2301 0.101151 0.191667
2306 0.0976036 0.2163
2311 0.081016 0.191444
2316 0.0658095 0.134133
2321 0.0553162 0.168915
2326 0.0496604 0.141681
2331 0.0406797 0.0946441
2336 0.0322361 0.0742312
2341 0.0270918 0.0939317
2346 0.018988 0.0779725
2351 0.0168397 0.0404532
2356 0.012923 0.0532702
2361 0.0122215 0.0488566
2366 0.0129083 0.0555355
2371 0.0153636 0.0608369
2376 0.0133175 0.0475924
2381 0.0137487 0.0488127
2386 0.0513338 0.0793536
2391 0.0626491 0.0984439
2396 0.0658387 0.10129
2401 0.0666462 0.116592
2406 0.070267 0.129668
2411 0.0620682 0.116117
2416 0.0493096 0.0950278
2421 0.0254586 0.0717065
2426 0.00594814 0.0278737
2431 0.0135441 0.0189551
2436 0.0360432 0.0494887
2441 0.0456706 0.0755246
2446 0.0504971 0.0947647
2451 0.0523677 0.0913485
2456 0.0523641 0.0994085
2461 0.051352 0.111908
2466 0.0311108 0.0703218
2471 0.0183194 0.0477715
2476 0.0143917 0.0359519
2481 0.0172014 0.036668
2486 0.0196786 0.0391379
2491 0.0209719 0.0401061
2496 0.0215748 0.0521339
2501 0.0229413 0.0410524
2506 0.0271685 0.049317
2511 0.0554368 0.07859
2516 0.0640923 0.12513
2521 0.0704533 0.130578
2526 0.0755538 0.129544
2531 0.0793828 0.157016
2536 0.0827953 0.161312
2541 0.083252 0.170315
2546 0.0805995 0.21988
2551 0.0679104 0.155795
2556 0.0442091 0.0981589
2561 0.0218123 0.0571029
2566 0.00809283 0.0351956
2571 0.00719403 0.00391671
2576 0.00729268 0.0442822
2581 0.00714288 0.0252467
2586 0.00741691 0.127275
2591 0.00736576 0.0176362
2596 0.00719038 0.0463538
2601 0.00713192 0.0272087
2606 0.00729999 0.02057
2611 0.00743152 0.111772
2616 0.00736576 0.00846916
2621 0.00730364 0.00826455
2626 0.029759 0.0190684
2631 0.040329 0.0576802
2636 0.0563831 0.0839682
2641 0.0942495 0.128568
2646 0.132383 0.210063
2651 0.155105 0.269924
2656 0.16676 0.280717
2661 0.170728 0.306508
2666 0.153 0.353629
2671 0.152807 0.308182
2676 0.156544 0.28037
2681 0.134166 0.264521
2686 0.120362 0.212949
2691 0.102912 0.191294
2696 0.0754442 0.11319
2701 0.0567667 0.0972601
2706 0.0497298 0.0729743
2711 0.0505702 0.0817942
2716 0.0522253 0.0772893
2721 0.0506725 0.0831863
2726 0.0579323 0.0984878
2731 0.0753127 0.0686411
2736 0.0812206 0.0671468
2741 0.0851739 0.0762005
2746 0.0911841 0.0808004
2751 0.0949839 0.0871322
2756 0.0979982 0.0961165
2761 0.101078 0.112127
2766 0.104527 0.135466
2771 0.108561 0.158437
2776 0.110176 0.130527
2781 0.111239 0.148612
2786 0.110607 0.164644
2791 0.11247 0.150033
2796 0.112317 0.143249
2801 0.113501 0.141166
2806 0.115152 0.10448
2811 0.114681 0.0828465
2816 0.11559 0.0350166
2821 0.116665 0.0285533
2826 0.115989 0.0296932
2831 0.118623 0.0208514
2836 0.118663 0.0575523
2841 0.116866 0.0302668
2846 0.11619 0.0238876
2851 0.124038 0.0297736
2856 0.12053 0.0400513
2861 0.116274 0.0302741
2866 0.117987 0.0346402
2871 0.120033 0.18604
2876 0.11882 0.0338255
2881 0.124166 0.0375266
2886 0.12749 0.0577788
2891 0.12962 0.0586228
2896 0.127728 0.0570079
2901 0.128667 0.053431
2906 0.128112 0.052101
2911 0.129493 0.0606908
2916 0.129646 0.050614
2921 0.128988 0.0572782
2926 0.12874 0.0527587
2931 0.132982 0.0583122
2936 0.133563 0.0835663
2941 0.139705 0.067366
2946 0.158875 0.0655501
2951 0.179464 0.0633579
2956 0.198481 0.0849985
2961 0.230743 0.0945528
2966 0.252807 0.120888
2971 0.280995 0.13821
2976 0.311495 0.165803
2981 0.331474 0.176683
2986 0.365876 0.200194
2991 0.391087 0.243581
2996 0.416691 0.236318
3001 0.463016 0.262814
3006 0.504583 0.295653
3011 0.550824 0.304988
3016 0.594208 0.32714
3021 0.627076 0.294473
3026 0.646298 0.178291
3031 0.670792 0.173114
3036 0.702465 0.16939
3041 0.670949 0.153819
3046 0.658417 0.159365
3051 0.653959 0.151502
3056 0.651351 0.151634
3061 0.66207 0.181363
3066 0.67039 0.1544
3071 0.673872 0.190779
3076 0.671468 0.134041
3081 0.678713 0.146968
3086 0.697577 0.134673
3091 0.699319 0.119832
3096 0.692728 0.130022
3101 0.688461 0.140011
3106 0.681859 0.154867
3111 0.678804 0.131542
3116 0.674518 0.098137
3121 0.672487 0.101652
3126 0.678899 0.110801
3131 0.683433 0.117699
3136 0.687306 0.0554332
3141 0.68693 0.0716225
3146 0.682352 0.0774245
3151 0.681044 0.0789554
3156 0.680105 0.0788238
3161 0.683579 0.0896313
3166 0.682271 0.101506
3171 0.679787 0.0814691
3176 0.678925 0.0802305
3181 0.685684 0.0959704
3186 0.690003 0.13589
3191 0.688329 0.122266
3196 0.689553 0.0333213
3201 0.68708 0.0886156
3206 0.686575 0.0903803
3211 0.682553 0.0820829
3216 0.682779 0.0402121
3221 0.68111 0.0521266
3226 0.680372 0.0221923
3231 0.679582 0.0382939
3236 0.681862 0.0867705
3241 0.681088 0.0317721
3246 0.679944 0.0310377
3251 0.678581 0.0287067
3256 0.677628 0.0294046
3261 0.676711 0.0247498
3266 0.677083 0.0360542
3271 0.679067 0.0147023
3276 0.683232 0.0213519
3281 0.684467 0.0232737
3286 0.694219 0.0702633
3291 0.692246 0.00732191
3296 0.691541 0.0135112
3301 0.690719 0.0156924
3306 0.690328 0.0261601
3311 0.693539 0.0504532
3316 0.691303 0.0351079
3321 0.688859 0.0364196
3326 0.688768 0.045751
3331 0.687123 0.0499636
3336 0.677679 0.0756926
3341 0.676857 0.0620865
3346 0.675318 0.0554368
3351 0.674306 0.0447462
3356 0.676342 0.0477313
3361 0.681121 0.0647536
3366 0.678044 0.0464963
3371 0.676159 0.0447608
3376 0.675881 0.027238
3381 0.675896 0.0258605
3386 0.674818 0.0723751
3391 0.675026 0.0244794
3396 0.675476 0.0277093
3401 0.678428 0.0274499
3406 0.678804 0.0155719
3411 0.676703 0.03863
3416 0.675238 0.0320425
3421 0.674789 0.0437305
3426 0.674021 0.0334784
3431 0.674241 0.0362698
3436 0.702286 0.120103
3441 0.704098 0.0107965
3446 0.714318 0.0279979
3451 0.717759 0.0441799
3456 0.718311 0.0207929
3461 0.72731 0.063051
3466 0.727456 0.019843
3471 0.726619 0.0173037
3476 0.727361 0.0168689
3481 0.727551 0.0177348
3486 0.726276 0.0298978
3491 0.728169 0.114213
3496 0.734482 0.0554916
3501 0.734398 0.00945199
3506 0.735461 0.0251188
3511 0.733214 0.0564744
3516 0.730496 0.0176106
3521 0.731292 0.0416443
3526 0.731574 0.0650605
3531 0.731347 0.0683232
3536 0.727712 0.172207
3541 0.727635 0.131623
3546 0.726963 0.00998908
3551 0.726904 0.0181258
3556 0.727171 0.0173804
3561 0.725976 0.0320352
3566 0.726027 0.0178992
3571 0.719736 0.0513886
3576 0.719133 0.0506213
3581 0.72012 0.0244173
3586 0.721636 0.0188894
3591 0.721406 0.0153819
3596 0.717964 0.0346768
3601 0.71788 0.0134454
3606 0.720353 0.0200147
3611 0.720562 0.0133468
3616 0.721172 0.0117611
3621 0.726353 0.0516845
3626 0.723517 0.0247973
3631 0.723375 0.0267593
3636 0.729338 0.0274901
3641 0.730189 0.0224224
3646 0.73279 0.0280089
3651 0.732487 0.0211327
3656 0.733835 0.0166679
3661 0.735534 0.0117465
3666 0.736736 0.0131641
3671 0.724643 0.0201572
3676 0.722096 0.0253161
3681 0.721811 0.0230655
3686 0.72092 0.0195543
3691 0.718914 0.0243662
3696 0.714745 0.0577825
3701 0.714011 0.0797153
3706 0.71256 0.0737306
3711 0.713251 0.073073
3716 0.712852 0.0645234
3721 0.704723 0.101469
3726 0.70283 0.0667083
3731 0.703408 0.0750715
3736 0.703835 0.0674464
3741 0.704219 0.0788384
3746 0.706108 0.112733
3751 0.705351 0.0950716
3756 0.705403 0.0870445
3761 0.705264 0.0124589
3766 0.702936 0.0140921
3771 0.694032 0.0293023
3776 0.697339 0.0320937
3781 0.700134 0.0442018
3786 0.698453 0.0380162
3791 0.697778 0.0352796
3796 0.70089 0.0655903
3801 0.696937 0.067545
3806 0.693908 0.0758571
3811 0.733024 0.0876949
3816 0.761968 0.102167
3821 0.796572 0.0387981
3826 0.800065 0.0142967
3831 0.802966 0.00929123
3836 0.803452 0.0155536
3841 0.803251 0.0178919
3846 0.802824 0.0322033
3851 0.801406 0.023756
3856 0.800273 0.0238766
3861 0.799711 0.0305445
3866 0.800193 0.0390429
3871 0.800229 0.0611036
3876 0.800262 0.0423202
3881 0.800799 0.026478
3886 0.800551 0.0259701
3891 0.800167 0.0286811
3896 0.798863 0.0356852
3901 0.798509 0.035086
3906 0.798783 0.0434602
3911 0.798165 0.0273037
3916 0.796488 0.0250092
3921 0.797226 0.0505153
3926 0.79754 0.0197407
3931 0.79723 0.0272124
3936 0.798242 0.0277897
3941 0.799385 0.0254988
3946 0.798578 0.0474755
3951 0.798563 0.017669
3956 0.7994 0.0416918
3961 0.799437 0.0217136
3966 0.800124 0.0259263
3971 0.802718 0.0973697
3976 0.801051 0.0127366
3981 0.798797 0.025634
3986 0.797548 0.0279285
3991 0.799981 0.0201791
3996 0.800971 0.101696
4001 0.800533 0.0345927
4006 0.799722 0.0301243
4011 0.799809 0.0160468
4016 0.8005 0.0158824
4021 0.800412 0.0385423
4026 0.800774 0.0325796
4031 0.800273 0.018608
4036 0.800745 0.0229741
4041 0.799177 0.0236355
4046 0.790134 0.0478226
4051 0.792418 0.0601646
4056 0.791786 0.0528464
4061 0.79423 0.0147352
4066 0.79818 0.0255207
4071 0.800379 0.0558314
4076 0.800558 0.0180819
4081 0.800792 0.0151846
4086 0.800818 0.0250677
4091 0.801103 0.0324042
4096 0.801165 0.0809575
4101 0.801355 0.08551
4106 0.800025 0.0728282
4111 0.799711 0.0577276
4116 0.800332 0.00804899
4121 0.799915 0.0295507
4126 0.799937 0.0254002
4131 0.800503 0.0412753
4136 0.799418 0.181418
4141 0.798121 0.196559
4146 0.79841 0.238806
4151 0.797146 0.236837
4156 0.795235 0.25623
4161 0.7948 0.204159
4166 0.79613 0.106361
4171 0.798143 0.21756
4176 0.803865 0.119931
4181 0.806854 0.14836
4186 0.812524 0.133307
4191 0.817146 0.176453
4196 0.816875 0.208569
4201 0.816715 0.233665
4206 0.819857 0.367879
4211 0.821753 0.293786
4216 0.82955 0.576677
4221 0.832305 0.566122
4226 0.840785 0.531949
4231 0.847285 0.512337
4236 0.856013 0.522556
4241 0.858691 0.549589
4246 0.841749 0.587287
4251 0.816094 0.565143
4256 0.766258 0.55846
4261 0.727109 0.418964
4266 0.728329 0.531792
4271 0.740028 0.516483
4276 0.754884 0.451204
4281 0.761786 0.501763
4286 0.75936 0.605559
4291 0.759879 0.557423
4296 0.708852 0.517532
4301 0.70195 0.627463
4306 0.691972 0.375789
4311 0.703232 0.657441
4316 0.684544 0.643397
4321 0.659308 0.65868
4326 0.62461 0.617174
4331 0.61066 0.64374
4336 0.598044 0.646181
4341 0.604277 0.640306
4346 0.596981 0.648669
4351 0.598468 0.651778
4356 0.592629 0.650949
4361 0.586531 0.629736
4366 0.5745 0.524865
4371 0.570817 0.562307
4376 0.565333 0.553608
4381 0.56325 0.391218
4386 0.553886 0.449234
4391 0.535727 0.471259
4396 0.500385 0.548044
4401 0.468168 0.407532
4406 0.443801 0.455226
4411 0.429457 0.512066
4416 0.450805 0.5058
4421 0.464287 0.521325
4426 0.460462 0.543528
4431 0.446136 0.474872
4436 0.433432 0.417711
4441 0.442161 0.573857
4446 0.4582 0.566608
4451 0.460005 0.577065
4456 0.463411 0.524803
4461 0.451083 0.568895
4466 0.468664 0.501558
4471 0.493707 0.515084
4476 0.495632 0.349271
4481 0.450995 0.41181
4486 0.433717 0.470195
4491 0.438025 0.413447
4496 0.447762 0.522209
4501 0.488358 0.524985
4506 0.550576 0.529775
4511 0.61313 0.556706
4516 0.648822 0.52485
4521 0.66055 0.42603
4526 0.702768 0.50192
4531 0.755761 0.545647
4536 0.753854 0.547167
4541 0.731979 0.527726
4546 0.702871 0.523447
4551 0.683269 0.579827
4556 0.60629 0.566257
4561 0.590864 0.620791
4566 0.552286 0.624807
4571 0.512077 0.61077
4576 0.488891 0.612589
4581 0.461226 0.588051
4586 0.457287 0.578161
4591 0.47671 0.563579
4596 0.486962 0.525563
4601 0.479786 0.444225
4606 0.474094 0.508486
4611 0.451313 0.404949
4616 0.42747 0.430433
4621 0.405464 0.489512
4626 0.344956 0.418259
4631 0.359621 0.425219
4636 0.367031 0.459925
4641 0.407608 0.44937
4646 0.428507 0.496155
4651 0.440016 0.477631
4656 0.442311 0.505924
4661 0.41185 0.444854
4666 0.397915 0.373147
4671 0.365036 0.360809
4676 0.305708 0.398065
4681 0.258737 0.304327
4686 0.256914 0.330294
4691 0.272537 0.348408
4696 0.273804 0.328189
4701 0.281097 0.374042
4706 0.278408 0.379428
4711 0.309943 0.434101
4716 0.366439 0.413282
4721 0.392778 0.329402
4726 0.402088 0.416717
4731 0.382716 0.467795
4736 0.35607 0.417565
4741 0.329007 0.323205
4746 0.298777 0.384693
4751 0.254732 0.36976
4756 0.218152 0.247012
4761 0.174948 0.337597
4766 0.143201 0.234005
4771 0.116486 0.209588
4776 0.0813302 0.186281
4781 0.0565256 0.162175
4786 0.0289369 0.116522
4791 0.0109938 0.0541726
4796 0.0027585 0.0107673
4801 0.00211181 0.01019
4806 0.00258313 0.00804899
4811 0.00283888 0.00680675
4816 0.00317867 0.0094593
4821 0.00327732 0.0298868
4826 0.00391671 0.00932777
4831 0.00352577 0.00952872
4836 0.00709904 0.0282464
4841 0.00749363 0.0163245
4846 0.0073621 0.0202449
4851 0.00766536 0.0187103
4856 0.0077092 0.0190026
4861 0.0075119 0.0278225
4866 0.00729268 0.0237085
4871 0.00713192 0.0216479
4876 0.00708443 0.0182207
4881 0.00719769 0.0214031
4886 0.0073073 0.0402449
4891 0.00672271 0.0169858
4896 0.00726345 0.0193936
4901 0.00976255 0.0118086
4906 0.00884914 0.0180234
4911 0.00316406 0.0176837
4916 0.0182756 0.0193461
4921 0.0324079 0.0494887
4926 0.0582538 0.105313
4931 0.0863174 0.139781
4936 0.0940011 0.177253
4941 0.101118 0.192967
4946 0.105517 0.190264
4951 0.0903036 0.136628
4956 0.0774975 0.141619
4961 0.0630802 0.142467
4966 0.0564489 0.129303
4971 0.0665402 0.122741
4976 0.0784292 0.144787
4981 0.0785863 0.0724226
4986 0.0823094 0.175105
4991 0.084476 0.177586
4996 0.0887252 0.162646
5001 0.0792257 0.15958
5006 0.0719221 0.158766
5011 0.0496385 0.0886266
5016 0.0279614 0.131992
5021 0.0198722 0.0597189
5026 0.00974793 0.0447243
5031 0.0117355 0.0335588
5036 0.0135477 0.0450093
5041 0.0149544 0.054834
5046 0.029463 0.082894
5051 0.062123 0.077936
5056 0.0920902 0.131835
5061 0.134896 0.129602
5066 0.171437 0.192025
5071 0.20467 0.177717
5076 0.214042 0.187271
5081 0.199416 0.173092
5086 0.177973 0.180812
5091 0.143709 0.162905
5096 0.132938 0.14718
5101 0.104615 0.154136
5106 0.080446 0.150125
5111 0.0588712 0.147268
5116 0.042945 0.116862
5121 0.0169895 0.0433761
5126 0.000248448 0.00926565
5131 0.00018999 0.0887873
5136 0.000175375 0.0947574
5141 0.000113263 0.0955356
5146 0.00012057 0.0483597
5151 0.000109609 0.031911
5156 0.000124224 0.0833251
5161 0.000200951 0.125682
5166 0.000131531 0.0567521
5171 0.000135185 0.0574207
5176 0.000116917 0.0801866
5181 5.11511e-05 0.016266
5186 0.00012057 0.0930073
5191 2.92292e-05 0.083716
5196 1.82682e-05 0.0795107
5201 0 0.0792878
5206 0 0.0656524
5211 0 0.0484474
5216 0 0.0388712
5221 0.000204604 0.0621705
5226 0.000138839 0.0585534
5231 0.00012057 0.0324334
5236 0.000105956 0.0993098
5241 9.86485e-05 0.0826638
5246 0.000164414 0.0788056
5251 0.000175375 0.109324
5256 0.0112605 0.00916335
5261 0.0380637 0.040877
5266 0.0477386 0.0843847
5271 0.054443 0.0936101
5276 0.0582611 0.0880383
5281 0.060541 0.098422
5286 0.0681588 0.109003
5291 0.103822 0.17547
5296 0.128367 0.175287
5301 0.149745 0.213198
5306 0.160768 0.207315
5311 0.163556 0.17265
5316 0.159781 0.0935042
5321 0.152529 0.0691709
5326 0.150085 0.0983635
5331 0.164685 0.120538
5336 0.174158 0.149083
5341 0.178711 0.141889
5346 0.18528 0.146172
5351 0.202153 0.169529
5356 0.228379 0.185174
5361 0.241557 0.208295
5366 0.239979 0.204067
5371 0.241912 0.178061
5376 0.248211 0.202405
5381 0.25075 0.188291
5386 0.27007 0.211988
5391 0.287882 0.215269
5396 0.291576 0.235722
5401 0.287641 0.187739
5406 0.289044 0.103139
5411 0.293165 0.118502
5416 0.308288 0.144878
5421 0.332135 0.121173
5426 0.34155 0.146029
5431 0.351843 0.145521
5436 0.367151 0.186073
5441 0.384174 0.190143
5446 0.394707 0.237743
5451 0.401331 0.195247
5456 0.398708 0.174981
5461 0.396074 0.173219
5466 0.390023 0.169635
5471 0.389413 0.160468
5476 0.392946 0.102905
5481 0.415182 0.117289
5486 0.436648 0.100508
5491 0.45747 0.112353
5496 0.476089 0.130275
5501 0.496681 0.145477
5506 0.512399 0.145295
5511 0.522698 0.125174
5516 0.52606 0.119935
5521 0.549922 0.164184
5526 0.5799 0.119905
5531 0.609151 0.0564635
5536 0.629944 0.197509
5541 0.646685 0.0905703
5546 0.660675 0.0757803
5551 0.67191 0.0932265
5556 0.687471 0.102836
5561 0.698475 0.110914
5566 0.702125 0.117845
5571 0.702615 0.162069
5576 0.704149 0.179043
5581 0.705373 0.178064
5586 0.707653 0.175766
5591 0.71085 0.125744
5596 0.720481 0.145057
5601 0.719619 0.121729
5606 0.720744 0.103979
5611 0.72111 0.070815
5616 0.720317 0.0727916
5621 0.728998 0.0756744
5626 0.726707 0.0651811
5631 0.721884 0.0560762
5636 0.724252 0.0681223
5641 0.748245 0.0736685
5646 0.797043 0.0695435
5651 0.794325 0.0702524
5656 0.789981 0.0709904
5661 0.790807 0.0920573
5666 0.791574 0.0659264
5671 0.791808 0.116551
5676 0.792188 0.0374536
5681 0.792707 0.0553016
5686 0.791274 0.0503692
5691 0.792093 0.0377605
5696 0.792805 0.00443188
5701 0.790441 0.0520828
5706 0.789838 0.0435003
5711 0.783459 0.0492987
5716 0.782454 0.0385789
5721 0.779334 0.0435661
5726 0.779437 0.0452358
5731 0.779115 0.0147279
