1 0.0615676 0.0951374
6 0.0716371 0.0850898
11 0.0850496 0.0529852
16 0.0910928 0.064169
21 0.0947976 0.0684109
26 0.101674 0.0734383
31 0.107509 0.071111
36 0.109993 0.107183
41 0.112602 0.0981187
46 0.115433 0.106782
51 0.118097 0.0918527
56 0.127768 0.0740448
61 0.133713 0.0613228
66 0.130753 0.0544759
71 0.129584 0.0518307
76 0.131973 0.0411437
81 0.136953 0.0529268
86 0.153431 0.080552
91 0.175375 0.0759082
96 0.181159 0.0903292
101 0.182533 0.0939353
106 0.178919 0.0966061
111 0.190359 0.0781589
116 0.20216 0.0907822
121 0.203304 0.127498
126 0.206804 0.135908
131 0.211853 0.147918
136 0.216084 0.162657
141 0.220165 0.157538
146 0.220395 0.1506
151 0.217779 0.125949
156 0.212931 0.127279
161 0.207556 0.127052
166 0.203954 0.126983
171 0.201192 0.120201
176 0.199836 0.112076
181 0.199223 0.10589
186 0.198393 0.0850021
191 0.19805 0.0834018
196 0.19878 0.0514763
201 0.198649 0.0248448
206 0.198981 0.020855
211 0.199387 0.0250421
216 0.198349 0.0281514
221 0.200074 0.0646002
226 0.199445 0.0261455
231 0.199336 0.0223823
236 0.200293 0.0269785
241 0.197966 0.0205372
246 0.197012 0.020402
251 0.196709 0.0171283
256 0.196186 0.0116332
261 0.196946 0.011045
266 0.196596 0.0255975
271 0.19566 0.0568398
276 0.198053 0.0174462
281 0.204433 0.0210085
286 0.212964 0.0225467
291 0.209785 0.0174279
296 0.20303 0.0270808
301 0.197761 0.0326088
306 0.195642 0.0250531
311 0.197067 0.0353856
316 0.197447 0.0441836
321 0.198042 0.0927113
326 0.198715 0.0618453
331 0.19859 0.0543553
336 0.198561 0.0293973
341 0.200746 0.0172854
346 0.203936 0.0267191
351 0.203903 0.0303582
356 0.203771 0.0295799
361 0.204305 0.0269201
366 0.204524 0.0258021
371 0.203512 0.0262369
376 0.202978 0.0245781
381 0.202544 0.0232737
386 0.208276 0.0349033
391 0.213304 0.0540777
396 0.218064 0.0694157
401 0.219836 0.0638146
406 0.227304 0.0518051
411 0.241272 0.0788129
416 0.264451 0.10642
421 0.27911 0.127428
426 0.298996 0.141769
431 0.316497 0.163347
436 0.331704 0.197809
441 0.337276 0.233004
446 0.343311 0.235693
451 0.352636 0.250816
456 0.358723 0.256409
461 0.363571 0.256059
466 0.364875 0.259866
471 0.368021 0.27527
476 0.367298 0.260881
481 0.366863 0.263881
486 0.367875 0.246994
491 0.368204 0.2452
496 0.367436 0.24592
501 0.376527 0.0145342
506 0.398357 0.0445343
511 0.416311 0.0686082
516 0.424631 0.0841143
521 0.445292 0.0879433
526 0.455668 0.0732739
531 0.46002 0.079339
536 0.463414 0.0834968
541 0.46679 0.0980128
546 0.465862 0.104882
551 0.461401 0.101747
556 0.459603 0.0974867
561 0.457963 0.102182
566 0.453878 0.232639
571 0.459366 0.0473257
576 0.465683 0.0286044
581 0.476593 0.0477349
586 0.485522 0.0587762
591 0.495475 0.0645819
596 0.520652 0.0876255
601 0.539512 0.0759119
606 0.552395 0.07878
611 0.577054 0.0915933
616 0.586031 0.0932594
621 0.597054 0.108528
626 0.600039 0.104516
631 0.60317 0.114089
636 0.605125 0.105791
641 0.604471 0.0708735
646 0.606374 0.096175
651 0.608745 0.0604423
656 0.610115 0.0697774
661 0.611997 0.0728282
666 0.614957 0.086544
671 0.616827 0.0946405
676 0.61937 0.0950204
681 0.621957 0.115689
686 0.62298 0.114063
691 0.622794 0.116771
696 0.626648 0.185649
701 0.62667 0.131546
706 0.627006 0.104816
711 0.629093 0.136632
716 0.631109 0.0723495
721 0.637405 0.154761
726 0.637445 0.122094
731 0.636919 0.0937928
736 0.638658 0.0998323
741 0.639736 0.0114359
746 0.646984 0.145518
751 0.648625 0.0102923
756 0.648921 0.0851592
761 0.650123 0.0691563
766 0.652176 0.030581
771 0.661424 0.0681515
776 0.661296 0.112335
781 0.662235 0.027797
786 0.66332 0.0163464
791 0.665216 0.0116624
796 0.658808 0.0208769
801 0.655684 0.0227476
806 0.653166 0.0301426
811 0.653868 0.0397846
816 0.669787 0.0661712
821 0.691559 0.125455
826 0.71955 0.0494668
831 0.73952 0.0274901
836 0.74564 0.025634
841 0.749294 0.023683
846 0.762078 0.0773441
851 0.764493 0.0237706
856 0.764833 0.0359154
861 0.766104 0.0227184
866 0.766247 0.0444466
871 0.765096 0.0627478
876 0.767829 0.0379103
881 0.766722 0.0451664
886 0.765673 0.0314323
891 0.766791 0.016931
896 0.766188 0.0306249
901 0.765655 0.0205518
906 0.758589 0.0899199
911 0.758611 0.0173402
916 0.761468 0.0110998
921 0.762235 0.0150713
926 0.762462 0.00609063
931 0.762451 0.10068
936 0.763046 0.0177494
941 0.762345 0.0157436
946 0.759648 0.0199562
951 0.758918 0.0254002
956 0.767149 0.070921
961 0.76643 0.0495946
966 0.766101 0.0350275
971 0.765878 0.0221557
976 0.765008 0.0227988
981 0.750244 0.0468471
986 0.747781 0.031067
991 0.753671 0.0202704
996 0.754731 0.0128755
1001 0.75609 0.0193424
1006 0.749674 0.0397261
1011 0.750792 0.0366899
1016 0.751548 0.0286117
1021 0.752948 0.0301572
1026 0.752564 0.0295215
1031 0.752118 0.0262186
1036 0.752155 0.0434784
1041 0.750814 0.041151
1046 0.75164 0.0324663
1051 0.752977 0.0321411
1056 0.75305 0.0370334
1061 0.74301 0.0661566
1066 0.741862 0.0251115
1071 0.740532 0.02555
1076 0.745213 0.0232409
1081 0.746608 0.027406
1086 0.753488 0.0864271
1091 0.753792 0.0245817
1096 0.753554 0.0242821
1101 0.753313 0.0285569
1106 0.751998 0.0273329
1111 0.752484 0.0750679
1116 0.751504 0.0388967
1121 0.750836 0.0304678
1126 0.749192 0.0316552
1131 0.753189 0.0417539
1136 0.747887 0.032459
1141 0.749868 0.0414251
1146 0.747427 0.0315639
1151 0.74298 0.0261784
1156 0.739579 0.0283158
1161 0.747606 0.0579286
1166 0.744844 0.0416078
1171 0.74484 0.0362405
1176 0.745297 0.042207
1181 0.746693 0.0352796
1186 0.76317 0.061279
1191 0.762597 0.0315018
1196 0.764416 0.0199964
1201 0.766123 0.0233468
1206 0.764446 0.0298686
1211 0.762089 0.089613
1216 0.761201 0.0239716
1221 0.758381 0.0266936
1226 0.758611 0.0449618
1231 0.759195 0.0307162
1236 0.755089 0.0482574
1241 0.752253 0.036193
1246 0.758746 0.0342274
1251 0.757171 0.0356815
1256 0.754022 0.0334126
1261 0.739137 0.0433213
1266 0.744424 0.0267447
1271 0.746956 0.0271649
1276 0.752462 0.0279285
1281 0.750748 0.0389662
1286 0.750185 0.0568252
1291 0.749447 0.0346695
1296 0.750036 0.0420279
1301 0.751844 0.0370699
1306 0.751793 0.0374828
1311 0.742268 0.0410487
1316 0.737529 0.0336355
1321 0.732999 0.031246
1326 0.728545 0.0239387
1331 0.72838 0.0200293
1336 0.729203 0.0886302
1341 0.727737 0.06129
1346 0.728684 0.0424517
1351 0.729371 0.0387543
1356 0.732641 0.041721
1361 0.729024 0.0587543
1366 0.730299 0.0411876
1371 0.733707 0.0458643
1376 0.734142 0.0276837
1381 0.734508 0.0338145
1386 0.72598 0.0365365
1391 0.728523 0.033387
1396 0.730708 0.0193643
1401 0.736228 0.0150238
1406 0.739338 0.0205956
1411 0.751914 0.0346549
1416 0.751735 0.0266826
1421 0.753028 0.0625249
1426 0.752268 0.107596
1431 0.753189 0.177191
1436 0.752911 0.157129
1441 0.754804 0.218916
1446 0.756758 0.20478
1451 0.759035 0.348726
1456 0.76476 0.355025
1461 0.776609 0.36246
1466 0.780547 0.330016
1471 0.785929 0.322858
1476 0.791815 0.290151
1481 0.792535 0.179749
1486 0.810697 0.228243
1491 0.816477 0.389983
1496 0.817599 0.372833
1501 0.824011 0.307476
1506 0.832075 0.49671
1511 0.838213 0.626279
1516 0.832561 0.479015
1521 0.833459 0.492895
1526 0.810197 0.633539
1531 0.802802 0.546604
1536 0.783309 0.584723
1541 0.778213 0.408569
1546 0.773664 0.64446
1551 0.752867 0.618654
1556 0.741161 0.564204
1561 0.738285 0.653459
1566 0.742012 0.64518
1571 0.741062 0.64484
1576 0.748223 0.609681
1581 0.7632 0.618753
1586 0.756324 0.548617
1591 0.746554 0.515552
1596 0.742162 0.663546
1601 0.733053 0.672922
1606 0.727525 0.635929
1611 0.725984 0.678753
1616 0.70784 0.596034
1621 0.680357 0.623444
1626 0.684347 0.55713
1631 0.703598 0.591475
1636 0.705746 0.615771
1641 0.713653 0.543955
1646 0.706597 0.599535
1651 0.694409 0.562636
1656 0.698797 0.438452
1661 0.711205 0.525764
1666 0.721132 0.496849
1671 0.73301 0.520835
1676 0.718205 0.554847
1681 0.701055 0.366476
1686 0.679959 0.494108
1691 0.685337 0.372186
1696 0.689929 0.550265
1701 0.698417 0.548815
1706 0.698472 0.55169
1711 0.671687 0.526356
1716 0.659144 0.507828
1721 0.648318 0.533575
1726 0.638643 0.452881
1731 0.593762 0.498358
1736 0.504598 0.434733
1741 0.463173 0.485796
1746 0.422625 0.533298
1751 0.373206 0.526162
1756 0.351598 0.465563
1761 0.347283 0.518475
1766 0.344773 0.484163
1771 0.358313 0.505007
1776 0.3644 0.520064
1781 0.355482 0.420813
1786 0.341291 0.31965
1791 0.314926 0.4042
1796 0.299121 0.40957
1801 0.301327 0.393878
1806 0.300812 0.315609
1811 0.285295 0.444715
1816 0.276457 0.424718
1821 0.270333 0.433224
1826 0.259566 0.465877
1831 0.244323 0.470517
1836 0.233918 0.384627
1841 0.215394 0.407612
1846 0.192708 0.378591
1851 0.164674 0.29463
1856 0.14798 0.281115
1861 0.140841 0.260078
1866 0.134177 0.243852
1871 0.159157 0.247926
1876 0.176829 0.295039
1881 0.211225 0.347491
1886 0.239135 0.344276
1891 0.269902 0.274641
1896 0.273373 0.397152
1901 0.290242 0.437996
1906 0.341262 0.346417
1911 0.33618 0.395489
1916 0.324966 0.38485
1921 0.312906 0.412932
1926 0.290246 0.373615
1931 0.262507 0.348123
1936 0.233516 0.206161
1941 0.221258 0.261517
1946 0.202142 0.246197
1951 0.158071 0.227842
1956 0.113387 0.170202
1961 0.0825725 0.124809
1966 0.051363 0.0679981
1971 0.0188821 0.0209683
1976 0.00597372 0.014125
1981 0.00681405 0.0187615
1986 0.00621486 0.019843
1991 0.00707712 0.0118378
1996 0.00671541 0.00877972
2001 0.0168652 0.0191232
2006 0.0770043 0.0601683
2011 0.147841 0.125843
2016 0.210783 0.154856
2021 0.24486 0.212273
2026 0.2814 0.321525
2031 0.293859 0.23125
2036 0.272299 0.271587
2041 0.243925 0.281123
2046 0.200344 0.312434
2051 0.183245 0.259018
2056 0.14281 0.219486
2061 0.0996935 0.161217
2066 0.065309 0.132076
2071 0.0533579 0.0649436
2076 0.0317027 0.0659995
2081 0.0145086 0.0264268
2086 0.0135952 0.0396238
2091 0.0117173 0.0252906
2096 0.0113482 0.0185057
2101 0.0258423 0.0472636
2106 0.0564525 0.0546147
2111 0.0985535 0.0935955
2116 0.154593 0.108046
2121 0.206501 0.141736
2126 0.262716 0.14399
2131 0.315423 0.228686
2136 0.325398 0.216395
2141 0.322924 0.236961
2146 0.312891 0.234531
2151 0.295862 0.27296
2156 0.278382 0.242916
2161 0.266768 0.229946
2166 0.256753 0.202723
2171 0.233512 0.0972747
2176 0.190688 0.208813
2181 0.138725 0.238905
2186 0.0980639 0.163866
2191 0.0642385 0.111345
2196 0.0362771 0.0708114
2201 0.0210048 0.0586118
2206 0.0142967 0.0334893
2211 0.00637927 0.0254952
2216 0.00538548 0.0179029
2221 0.00471321 0.022459
2226 0.00537086 0.0181404
2231 0.00631351 0.0163428
2236 0.00558643 0.0145817
2241 0.00594083 0.0173329
2246 0.00653638 0.022543
2251 0.00739498 0.0215163
2256 0.00938622 0.026299
2261 0.0103581 0.0404678
2266 0.0161016 0.028641
2271 0.0484839 0.0613375
2276 0.0701391 0.127498
2281 0.0818235 0.155028
2286 0.0888239 0.17277
2291 0.0924665 0.169361
2296 0.0912024 0.188773
2301 0.101027 0.192891
2306 0.103259 0.209515
2311 0.0892404 0.205916
2316 0.0724336 0.153479
2321 0.0576802 0.143881
2326 0.050994 0.150107
2331 0.0455793 0.12095
2336 0.0343991 0.0741764
2341 0.0297297 0.078031
2346 0.0224407 0.0835772
2351 0.0192438 0.0695399
2356 0.0139789 0.054538
2361 0.0118049 0.0464379
2366 0.0128864 0.0480199
2371 0.0137596 0.0584657
2376 0.0142931 0.0452139
2381 0.0119365 0.0449216
2386 0.0392585 0.0659228
2391 0.0598248 0.0824117
2396 0.0657072 0.108068
2401 0.0657255 0.145521
2406 0.0701793 0.125145
2411 0.0709977 0.112784
2416 0.0524883 0.10365
2421 0.0328463 0.0877789
2426 0.0133943 0.0448303
2431 0.00400075 0.00730364
2436 0.0316917 0.0286519
2441 0.0423421 0.0619695
2446 0.0487068 0.0927223
2451 0.0522764 0.0832447
2456 0.0515968 0.0954589
2461 0.0566973 0.113238
2466 0.0388383 0.08475
2471 0.0222726 0.050044
2476 0.0148704 0.0355098
2481 0.0158605 0.0398759
2486 0.0188309 0.0389589
2491 0.0205993 0.0447134
2496 0.0211108 0.0501829
2501 0.0224699 0.0389296
2506 0.023862 0.0517064
2511 0.0434528 0.0498942
2516 0.0626674 0.106182
2521 0.0677861 0.138886
2526 0.0733178 0.138313
2531 0.0784219 0.141067
2536 0.0820098 0.158915
2541 0.0843518 0.142814
2546 0.0842458 0.194122
2551 0.0707493 0.20258
2556 0.0531021 0.130607
2561 0.0315675 0.0608661
2566 0.0108148 0.0287396
2571 0.00716846 0.00469129
2576 0.00729999 0.0490466
2581 0.00723057 0.0146731
2586 0.00742056 0.0814544
2591 0.0073548 0.0389552
2596 0.00723788 0.0459556
2601 0.00710269 0.0342749
2606 0.00721596 0.0571759
2611 0.00756671 0.112573
2616 0.00747537 0.0126051
2621 0.00737306 0.00289369
2626 0.021531 0.0126891
2631 0.0380199 0.0446001
2636 0.0441105 0.074856
2641 0.0797592 0.123175
2646 0.121648 0.170121
2651 0.147271 0.246873
2656 0.161221 0.283772
2661 0.174674 0.31082
2666 0.156007 0.328105
2671 0.149887 0.320396
2676 0.159094 0.296274
2681 0.142295 0.270867
2686 0.126226 0.239058
2691 0.109719 0.209434
2696 0.0885717 0.139595
2701 0.0650715 0.101856
2706 0.0488091 0.0818563
2711 0.0489954 0.0691051
2716 0.0521156 0.0858863
2721 0.0502815 0.0819623
2726 0.051279 0.0935517
2731 0.0703839 0.0891856
2736 0.0790576 0.0660068
2741 0.0843006 0.0698432
2746 0.0872637 0.0690759
2751 0.0938586 0.0955831
2756 0.0972857 0.0918308
2761 0.0992696 0.108027
2766 0.103961 0.123899
2771 0.106226 0.140687
2776 0.110753 0.148397
2781 0.110786 0.148897
2786 0.111235 0.159504
2791 0.112445 0.158422
2796 0.111875 0.148798
2801 0.113106 0.139745
2806 0.114451 0.124834
2811 0.113921 0.0794522
2816 0.115605 0.0600368
2821 0.116171 0.0288638
2826 0.11596 0.0285788
2831 0.116548 0.0295763
2836 0.119284 0.048188
2841 0.117231 0.0296092
2846 0.11616 0.0311729
2851 0.12148 0.0277093
2856 0.123365 0.038367
2861 0.116018 0.0339132
2866 0.117801 0.0346987
2871 0.119989 0.0399015
2876 0.119409 0.030117
2881 0.123435 0.0402048
2886 0.12638 0.0635516
2891 0.129438 0.0534748
2896 0.127447 0.0573257
2901 0.128407 0.0481076
2906 0.127889 0.0530948
2911 0.129485 0.062967
2916 0.129851 0.047607
2921 0.128813 0.0581259
2926 0.128981 0.0523641
2931 0.131831 0.0563064
2936 0.133479 0.0840558
2941 0.138287 0.0704972
2946 0.153665 0.0739791
2951 0.173987 0.0569312
2956 0.196029 0.0857
2961 0.224871 0.0906763
2966 0.247337 0.110969
2971 0.277674 0.132456
2976 0.305566 0.166362
2981 0.324364 0.175021
2986 0.364641 0.201214
2991 0.383812 0.228408
2996 0.410922 0.226552
3001 0.45671 0.269347
3006 0.494393 0.281156
3011 0.546535 0.306358
3016 0.587656 0.321185
3021 0.622501 0.296252
3026 0.642984 0.209544
3031 0.667774 0.1641
3036 0.701285 0.176552
3041 0.678658 0.165437
3046 0.66016 0.153632
3051 0.654387 0.157841
3056 0.649235 0.154758
3061 0.659403 0.181239
3066 0.667302 0.1519
3071 0.674135 0.153968
3076 0.670028 0.192445
3081 0.674157 0.130333
3086 0.695607 0.114662
3091 0.698994 0.125675
3096 0.694427 0.133534
3101 0.688486 0.144948
3106 0.682717 0.154875
3111 0.680134 0.11806
3116 0.676261 0.129858
3121 0.672783 0.100826
3126 0.676181 0.116011
3131 0.682527 0.123647
3136 0.687851 0.0575852
3141 0.687328 0.069686
3146 0.68332 0.0522289
3151 0.681069 0.0871578
3156 0.680284 0.0800661
3161 0.683024 0.130059
3166 0.683214 0.0863394
3171 0.680003 0.0736283
3176 0.678903 0.0820317
3181 0.684785 0.0949401
3186 0.690668 0.145627
3191 0.687821 0.0917797
3196 0.689604 0.133256
3201 0.686912 0.114553
3206 0.686126 0.0933617
3211 0.682323 0.103055
3216 0.683316 0.0405665
3221 0.681175 0.0451774
3226 0.680821 0.0158751
3231 0.679652 0.0322069
3236 0.681774 0.0965331
3241 0.6807 0.0287031
3246 0.67994 0.0331094
3251 0.679308 0.0281587
3256 0.67762 0.0240593
3261 0.67716 0.0289296
3266 0.677646 0.0177238
3271 0.679221 0.0247315
3276 0.681566 0.0152065
3281 0.684438 0.0183267
3286 0.693857 0.0464086
3291 0.692268 0.00877241
3296 0.693086 0.0122068
3301 0.690927 0.0193059
3306 0.690302 0.0263684
3311 0.694361 0.0551847
3316 0.691124 0.031341
3321 0.690003 0.0376508
3326 0.688936 0.0451774
3331 0.687105 0.0460104
3336 0.67769 0.0702268
3341 0.676542 0.0591453
3346 0.675808 0.0517174
3351 0.674106 0.0493571
3356 0.675523 0.0499381
3361 0.68237 0.0594741
3366 0.679137 0.0548157
3371 0.67518 0.0496348
3376 0.676057 0.0283633
3381 0.675885 0.0259482
3386 0.675012 0.086902
3391 0.67503 0.0243516
3396 0.675508 0.0269018
3401 0.677774 0.0310633
3406 0.678811 0.0165437
3411 0.676817 0.0524627
3416 0.67556 0.0318452
3421 0.674971 0.0259007
3426 0.674171 0.0394229
3431 0.674398 0.0268982
3436 0.702253 0.140684
3441 0.703872 0.019094
3446 0.712377 0.0245598
3451 0.717233 0.0228974
3456 0.718293 0.0297919
3461 0.72742 0.0849473
3466 0.727529 0.0181404
3471 0.726104 0.0203727
3476 0.726813 0.0180088
3481 0.727416 0.0121155
3486 0.726148 0.0402924
3491 0.727547 0.015802
3496 0.733181 0.0461931
3501 0.734186 0.0144721
3506 0.735669 0.0232993
3511 0.733554 0.0777898
3516 0.730569 0.00791746
3521 0.731121 0.0613228
3526 0.731442 0.110885
3531 0.731026 0.0778373
3536 0.727241 0.107421
3541 0.727719 0.0574573
3546 0.727098 0.00669714
3551 0.727295 0.0196274
3556 0.727182 0.0156486
3561 0.72587 0.0367484
3566 0.726312 0.0182646
3571 0.719056 0.0500185
3576 0.71803 0.0360067
3581 0.719316 0.0287871
3586 0.721526 0.0265109
3591 0.721435 0.0195214
3596 0.717606 0.0499819
3601 0.718625 0.00977351
3606 0.720529 0.0152832
3611 0.720339 0.0113336
3616 0.721037 0.0100987
3621 0.725662 0.042017
3626 0.724299 0.0297444
3631 0.723437 0.0305372
3636 0.728647 0.0285131
3641 0.730989 0.0229303
3646 0.731957 0.0287286
3651 0.733137 0.0219877
3656 0.73328 0.0217904
3661 0.735015 0.012068
3666 0.736667 0.011414
3671 0.722206 0.0448412
3676 0.723773 0.0242566
3681 0.720163 0.02133
3686 0.721603 0.01806
3691 0.719754 0.0237268
3696 0.713835 0.0505957
3701 0.714135 0.0760945
3706 0.712772 0.0734566
3711 0.713718 0.0698358
3716 0.713017 0.06399
3721 0.704807 0.104553
3726 0.702977 0.0676436
3731 0.702107 0.0760288
3736 0.703671 0.074286
3741 0.70442 0.0777935
3746 0.705753 0.116829
3751 0.705381 0.0969057
3756 0.704942 0.0991564
3761 0.704434 0.0826309
3766 0.703817 0.0111582
3771 0.692958 0.0269384
3776 0.696955 0.0273549
3781 0.699341 0.0429011
3786 0.698201 0.0394192
3791 0.698019 0.0346987
3796 0.701194 0.0647353
3801 0.697478 0.0606761
3806 0.694149 0.0747683
3811 0.726513 0.0834347
3816 0.758896 0.0892879
3821 0.796338 0.0927333
3826 0.799484 0.0160687
3831 0.802692 0.0102193
3836 0.803277 0.0122653
3841 0.803496 0.0197516
3846 0.802922 0.0305518
3851 0.802027 0.0161126
3856 0.800039 0.0213958
3861 0.799849 0.0269603
3866 0.800175 0.0421704
3871 0.799937 0.0601427
3876 0.80016 0.038831
3881 0.801114 0.0246767
3886 0.800843 0.0352979
3891 0.80027 0.0221667
3896 0.798834 0.0547828
3901 0.798991 0.031984
3906 0.799009 0.0467886
3911 0.798655 0.0297882
3916 0.798399 0.0288456
3921 0.797164 0.0483524
3926 0.79757 0.0243954
3931 0.797318 0.0250458
3936 0.798425 0.0231093
3941 0.799539 0.0209902
3946 0.798991 0.0455939
3951 0.798359 0.0107636
3956 0.799367 0.0477934
3961 0.799809 0.0385606
3966 0.799612 0.0277312
3971 0.802699 0.0409428
3976 0.801541 0.0194666
3981 0.799232 0.0167776
3986 0.796817 0.0212679
3991 0.79967 0.0212898
3996 0.800807 0.0323786
4001 0.80065 0.0623897
4006 0.800025 0.0326709
4011 0.79967 0.0350714
4016 0.800756 0.0216515
4021 0.8005 0.043314
4026 0.800924 0.0172854
4031 0.800164 0.0158678
4036 0.800737 0.0263976
4041 0.800609 0.0245525
4046 0.790821 0.0410049
4051 0.791691 0.022627
4056 0.792297 0.0388273
4061 0.794515 0.0456852
4066 0.797712 0.0249252
4071 0.800591 0.0527002
4076 0.80046 0.00938988
4081 0.800708 0.0147717
4086 0.800873 0.0179321
4091 0.801106 0.023566
4096 0.801497 0.0603619
4101 0.801665 0.0810818
4106 0.800061 0.059138
4111 0.800617 0.077545
4116 0.800321 0.00771285
4121 0.800153 0.0230801
4126 0.800087 0.0231934
4131 0.800237 0.0640813
4136 0.799729 0.15771
4141 0.798286 0.203731
4146 0.798691 0.238664
4151 0.797171 0.238141
4156 0.795023 0.247743
4161 0.794712 0.257458
4166 0.796455 0.241232
4171 0.796506 0.228981
4176 0.802155 0.243837
4181 0.806112 0.150965
4186 0.810745 0.102481
4191 0.816254 0.176095
4196 0.814884 0.173636
4201 0.817307 0.227133
4206 0.816481 0.320655
4211 0.820927 0.363516
4216 0.828194 0.443202
4221 0.830694 0.582706
4226 0.838176 0.55253
4231 0.846342 0.438522
4236 0.854435 0.524383
4241 0.858227 0.559059
4246 0.846061 0.555585
4251 0.81974 0.561204
4256 0.770014 0.452994
4261 0.726378 0.437495
4266 0.730174 0.524415
4271 0.735162 0.567927
4276 0.753569 0.491076
4281 0.763346 0.463264
4286 0.758983 0.543393
4291 0.760083 0.593353
4296 0.70765 0.5277
4301 0.703718 0.635183
4306 0.694672 0.696027
4311 0.695436 0.651592
4316 0.707511 0.676301
4321 0.674369 0.676389
4326 0.646203 0.651727
4331 0.613784 0.566337
4336 0.603601 0.656458
4341 0.599436 0.598705
4346 0.596765 0.642246
4351 0.600978 0.654252
4356 0.596422 0.659549
4361 0.589911 0.639425
4366 0.582921 0.575844
4371 0.570985 0.576714
4376 0.563352 0.536045
4381 0.561851 0.427875
4386 0.559348 0.310984
4391 0.540977 0.480225
4396 0.515077 0.564364
4401 0.481281 0.432815
4406 0.451774 0.432811
4411 0.433611 0.484551
4416 0.43808 0.553802
4421 0.460228 0.500181
4426 0.468909 0.531551
4431 0.449304 0.461266
4436 0.435957 0.383348
4441 0.434868 0.581829
4446 0.451215 0.576794
4451 0.460787 0.550115
4456 0.462881 0.516593
4461 0.453206 0.582903
4466 0.459413 0.517178
4471 0.484328 0.528025
4476 0.495311 0.535424
4481 0.469253 0.362424
4486 0.44493 0.465676
4491 0.434331 0.496286
4496 0.435011 0.487554
4501 0.471872 0.532355
4506 0.521496 0.422391
4511 0.588029 0.535983
4516 0.638625 0.515625
4521 0.655278 0.495124
4526 0.698885 0.489523
4531 0.748406 0.529724
4536 0.759546 0.549713
4541 0.7399 0.555103
4546 0.712893 0.541416
4551 0.688899 0.532267
4556 0.679794 0.61021
4561 0.591537 0.622611
4566 0.54678 0.631069
4571 0.519995 0.626743
4576 0.500919 0.610386
4581 0.468485 0.598753
4586 0.456914 0.567251
4591 0.453747 0.57485
4596 0.490835 0.587905
4601 0.48306 0.445628
4606 0.478522 0.422764
4611 0.467912 0.485957
4616 0.436052 0.446385
4621 0.414528 0.480309
4626 0.354093 0.445592
4631 0.354623 0.413673
4636 0.368836 0.439388
4641 0.397685 0.492826
4646 0.42128 0.494605
4651 0.439961 0.475899
4656 0.440594 0.527302
4661 0.418876 0.451547
4666 0.399669 0.396158
4671 0.37736 0.332124
4676 0.318076 0.33767
4681 0.266208 0.338131
4686 0.247904 0.329914
4691 0.270063 0.358518
4696 0.271397 0.345818
4701 0.277396 0.367564
4706 0.276932 0.368397
4711 0.299245 0.418953
4716 0.336768 0.424031
4721 0.390389 0.4496
4726 0.398343 0.418054
4731 0.386392 0.302909
4736 0.366264 0.458621
4741 0.336815 0.409081
4746 0.311408 0.392701
4751 0.269793 0.384517
4756 0.227728 0.26782
4761 0.193161 0.345314
4766 0.151999 0.263925
4771 0.126632 0.229354
4776 0.0964344 0.193037
4781 0.0659009 0.169657
4786 0.0386483 0.143745
4791 0.0171758 0.0722144
4796 0.00386921 0.03152
4801 0.00245891 0.0167556
4806 0.00213008 0.0133212
4811 0.00291196 0.00603217
4816 0.00320425 0.00894413
4821 0.00289369 0.0228938
4826 0.00384729 0.0112423
4831 0.00351481 0.00949949
4836 0.0066131 0.0282098
4841 0.00720134 0.0157911
4846 0.00788092 0.016456
4851 0.00734018 0.0197078
4856 0.00800149 0.0172306
4861 0.00760324 0.0243223
4866 0.00718307 0.0224626
4871 0.00729634 0.018703
4876 0.00732922 0.0229522
4881 0.00673002 0.0209719
4886 0.00724519 0.0355427
4891 0.00703693 0.0185861
4896 0.00644138 0.0173146
4901 0.00862992 0.0196237
4906 0.0100621 0.0200476
4911 0.00552797 0.023018
4916 0.00310195 0.0143296
4921 0.0292 0.0459446
4926 0.0425614 0.0751227
4931 0.0794924 0.115634
4936 0.0918162 0.162993
4941 0.0988348 0.180256
4946 0.106011 0.176007
4951 0.0948451 0.159946
4956 0.0810416 0.13437
4961 0.0746148 0.144447
4966 0.0530875 0.123428
4971 0.0614398 0.111849
4976 0.0759082 0.118009
4981 0.0766426 0.168156
4986 0.0803364 0.178397
4991 0.0832009 0.193581
4996 0.0863796 0.195773
5001 0.0827442 0.168163
5006 0.0744029 0.165313
5011 0.0592768 0.139898
5016 0.0373768 0.0877826
5021 0.0219255 0.0614799
5026 0.013281 0.0551591
5031 0.011045 0.0320242
5036 0.0127293 0.0429048
5041 0.014326 0.03958
5046 0.0212131 0.0825798
5051 0.0460067 0.0732447
5056 0.0795107 0.0908516
5061 0.119171 0.1157
5066 0.157878 0.159646
5071 0.195467 0.205171
5076 0.216961 0.183632
5081 0.207366 0.19243
5086 0.185203 0.186376
5091 0.156511 0.157538
5096 0.141349 0.161144
5101 0.115601 0.184381
5106 0.0841326 0.159661
5111 0.0679469 0.150318
5116 0.0504971 0.128561
5121 0.027132 0.0654588
5126 0.00202047 0.0261601
5131 0.000317867 0.116723
5136 0.000215565 0.102441
5141 0.000138839 0.073548
5146 0.000109609 0.0886485
5151 0.000109609 0.0361017
5156 0.00012057 0.0699637
5161 0.000281331 0.101352
5166 0.000160761 0.061458
5171 0.00012057 0.0559666
5176 0.000113263 0.0791453
5181 6.57657e-05 0.0184144
5186 0.000116917 0.0956635
5191 4.01901e-05 0.106288
5196 2.92292e-05 0.0794669
5201 0 0.112974
5206 0 0.0697482
5211 0 0.0298942
5216 0 0.0748523
5221 0.000200951 0.0655209
5226 0.000131531 0.0654697
5231 0.000113263 0.0606506
5236 0.000109609 0.115583
5241 9.86485e-05 0.0893098
5246 0.000200951 0.0923898
5251 0.000171721 0.0584511
5256 0.000109609 0.0533762
5261 0.0291013 0.027585
5266 0.0448705 0.0728793
5271 0.0524445 0.0873076
5276 0.0566717 0.0992696
5281 0.0600769 0.0932776
5286 0.0625505 0.115506
5291 0.0900369 0.162628
5296 0.119884 0.162302
5301 0.139292 0.186643
5306 0.156336 0.231605
5311 0.162927 0.181579
5316 0.161802 0.117651
5321 0.155353 0.0872528
5326 0.148813 0.0683415
5331 0.160081 0.113599
5336 0.171948 0.13596
5341 0.176731 0.146069
5346 0.183377 0.135846
5351 0.192061 0.158791
5356 0.220147 0.194736
5361 0.240925 0.168959
5366 0.243651 0.190066
5371 0.240775 0.21767
5376 0.245799 0.184126
5381 0.249467 0.190282
5386 0.261236 0.196026
5391 0.280644 0.193892
5396 0.29216 0.248207
5401 0.288682 0.206325
5406 0.286731 0.108148
5411 0.292778 0.0986485
5416 0.29816 0.129895
5421 0.324455 0.138587
5426 0.338416 0.161977
5431 0.349461 0.142697
5436 0.358949 0.175945
5441 0.378777 0.20802
5446 0.389205 0.229193
5451 0.401514 0.252935
5456 0.399267 0.160216
5461 0.396567 0.172858
5466 0.39181 0.173468
5471 0.390648 0.164465
5476 0.388511 0.147545
5481 0.404707 0.107096
5486 0.429011 0.103639
5491 0.450502 0.111524
5496 0.47226 0.12011
5501 0.485818 0.136522
5506 0.505417 0.139467
5511 0.518325 0.141276
5516 0.525245 0.10148
5521 0.544083 0.145426
5526 0.560959 0.140037
5531 0.599016 0.0614215
5536 0.622447 0.0797628
5541 0.641256 0.0898578
5546 0.65773 0.0825907
5551 0.667832 0.0694193
5556 0.681022 0.0913376
5561 0.695677 0.106449
5566 0.70218 0.123888
5571 0.701789 0.147012
5576 0.704497 0.173084
5581 0.706342 0.159186
5586 0.705987 0.180647
5591 0.710649 0.157819
5596 0.72153 0.161312
5601 0.719272 0.121754
5606 0.720554 0.116347
5611 0.71997 0.0885571
5616 0.720463 0.0692001
5621 0.728512 0.0844504
5626 0.728267 0.0650532
5631 0.724705 0.0663722
5636 0.721124 0.0586191
5641 0.731245 0.0721669
5646 0.796525 0.0882612
5651 0.797752 0.0746915
5656 0.792012 0.0670919
5661 0.790058 0.0801793
5666 0.791267 0.0853967
5671 0.790774 0.145083
5676 0.792509 0.0502925
5681 0.792995 0.0325138
5686 0.791307 0.0518745
5691 0.792075 0.0413082
5696 0.792235 0.050234
5701 0.791336 0.0145708
5706 0.789535 0.0870555
5711 0.786525 0.0432702
5716 0.783116 0.0362625
5721 0.779108 0.0512278
5726 0.779104 0.08129
5731 0.779389 0.0188565
5736 0.77853 0.0220863
