1 0.0615678 0.120227
6 0.0716371 0.131418
11 0.0850496 0.111926
16 0.0910929 0.132328
21 0.0947975 0.166713
26 0.101674 0.107421
31 0.107509 0.0908005
36 0.109993 0.11155
41 0.112602 0.116292
46 0.115433 0.101425
51 0.118097 0.0654148
56 0.127768 0.0882027
61 0.133713 0.088031
66 0.130753 0.0947976
71 0.129584 0.0622436
76 0.131973 0.0638621
81 0.136953 0.0642494
86 0.153431 0.127085
91 0.175375 0.145152
96 0.181159 0.158835
101 0.182533 0.131601
106 0.178919 0.153333
111 0.190359 0.138904
116 0.20216 0.139025
121 0.203304 0.159482
126 0.206804 0.153541
131 0.211853 0.155382
136 0.216084 0.158788
141 0.220165 0.147695
146 0.220396 0.173267
151 0.217779 0.157647
156 0.212931 0.159913
161 0.207556 0.140468
166 0.203954 0.140223
171 0.201192 0.163552
176 0.199836 0.134714
181 0.199222 0.120318
186 0.198393 0.109021
191 0.198049 0.116102
196 0.19878 0.115981
201 0.198649 0.0973553
206 0.198981 0.0841401
211 0.199387 0.0966754
216 0.198349 0.0776
221 0.200074 0.16056
226 0.199445 0.136891
231 0.199336 0.0986194
236 0.200293 0.0931899
241 0.197966 0.0882722
246 0.197012 0.0959668
251 0.196709 0.107721
256 0.196186 0.105072
261 0.196946 0.118254
266 0.196596 0.0934602
271 0.19566 0.117465
276 0.198054 0.0536648
281 0.204433 0.0746878
286 0.212964 0.0740557
291 0.209785 0.072207
296 0.203029 0.119832
301 0.197761 0.0567229
306 0.195642 0.0600441
311 0.197067 0.0883012
316 0.197447 0.0865221
321 0.198042 0.15322
326 0.198715 0.125788
331 0.198591 0.118104
336 0.198561 0.104001
341 0.200746 0.0640448
346 0.203936 0.0718783
351 0.203903 0.0923459
356 0.203771 0.10201
361 0.204305 0.0672418
366 0.204524 0.0427587
371 0.203512 0.140691
376 0.202979 0.0784695
381 0.202544 0.104407
386 0.208276 0.0640046
391 0.213304 0.0831572
396 0.218064 0.0727806
401 0.219837 0.113775
406 0.227304 0.102171
411 0.241272 0.0981553
416 0.264451 0.112715
421 0.27911 0.188872
426 0.298996 0.153552
431 0.316497 0.185112
436 0.331704 0.19908
441 0.337276 0.189573
446 0.343312 0.227688
451 0.352636 0.223271
456 0.358723 0.233782
461 0.363571 0.244765
466 0.364875 0.258828
471 0.368021 0.274652
476 0.367298 0.238353
481 0.366863 0.254115
486 0.367875 0.247078
491 0.368204 0.21855
496 0.367436 0.281148
501 0.376527 0.274838
506 0.398357 0.219731
511 0.416311 0.120534
516 0.424631 0.179025
521 0.445292 0.215069
526 0.455668 0.165302
531 0.46002 0.136694
536 0.463414 0.125492
541 0.46679 0.11
546 0.465862 0.176869
551 0.461401 0.164732
556 0.459603 0.129262
561 0.457963 0.146376
566 0.453878 0.216121
571 0.459366 0.292533
576 0.465683 0.221035
581 0.476593 0.157136
586 0.485522 0.0985681
591 0.495475 0.164864
596 0.520652 0.20828
601 0.539512 0.0887582
606 0.552395 0.126076
611 0.577054 0.0962372
616 0.586031 0.0973368
621 0.597054 0.155737
626 0.600039 0.142416
631 0.60317 0.1333
636 0.605125 0.158031
641 0.60447 0.117008
646 0.606374 0.184444
651 0.608745 0.123859
656 0.610116 0.127947
661 0.611997 0.110537
666 0.614957 0.119946
671 0.616827 0.161725
676 0.61937 0.128996
681 0.621957 0.159683
686 0.62298 0.120435
691 0.622794 0.142931
696 0.626648 0.222376
701 0.62667 0.167987
706 0.627006 0.147545
711 0.629093 0.189073
716 0.631109 0.149299
721 0.637404 0.171915
726 0.637445 0.149734
731 0.636919 0.156205
736 0.638658 0.122518
741 0.639736 0.0682794
746 0.646985 0.217911
751 0.648625 0.159175
756 0.648921 0.170154
761 0.650123 0.114407
766 0.652176 0.100548
771 0.661423 0.233753
776 0.661296 0.165679
781 0.662235 0.0900333
786 0.66332 0.0591635
791 0.665216 0.0619403
796 0.658808 0.170764
801 0.655684 0.135832
806 0.653167 0.077187
811 0.653868 0.0911734
816 0.669787 0.131564
821 0.691559 0.185211
826 0.71955 0.127863
831 0.739521 0.0800551
836 0.74564 0.0752579
841 0.749294 0.0983709
846 0.762078 0.191627
851 0.764493 0.095996
856 0.764833 0.0795618
861 0.766104 0.0745855
866 0.766247 0.0822546
871 0.765096 0.152836
876 0.767829 0.101575
881 0.766722 0.124042
886 0.765673 0.102474
891 0.766791 0.103837
896 0.766188 0.0921998
901 0.765655 0.0452505
906 0.758589 0.177896
911 0.758611 0.088433
916 0.761468 0.098243
921 0.762235 0.0590648
926 0.762462 0.0923642
931 0.762451 0.180125
936 0.763046 0.069675
941 0.762345 0.0793535
946 0.759649 0.0853602
951 0.758918 0.0913045
956 0.76715 0.150242
961 0.766429 0.136263
966 0.766101 0.0782429
971 0.765878 0.0674353
976 0.765008 0.0619292
981 0.750244 0.179149
986 0.747781 0.0878228
991 0.753671 0.0792257
996 0.754731 0.0502084
1001 0.756089 0.0635261
1006 0.749674 0.121166
1011 0.750792 0.103533
1016 0.751548 0.102028
1021 0.752947 0.0826856
1026 0.752564 0.0762881
1031 0.752118 0.0717722
1036 0.752155 0.119584
1041 0.750814 0.0590796
1046 0.751639 0.0789334
1051 0.752977 0.0833141
1056 0.75305 0.055108
1061 0.74301 0.13798
1066 0.741863 0.100256
1071 0.740533 0.05745
1076 0.745213 0.0772235
1081 0.746608 0.0625396
1086 0.753488 0.126614
1091 0.753792 0.0544796
1096 0.753554 0.0728646
1101 0.753313 0.0751556
1106 0.751998 0.0684074
1111 0.752484 0.114695
1116 0.751504 0.0591746
1121 0.750836 0.065901
1126 0.749192 0.0360067
1131 0.753189 0.0459921
1136 0.747887 0.0698067
1141 0.749868 0.0558241
1146 0.747427 0.0611036
1151 0.74298 0.0503984
1156 0.739579 0.0377751
1161 0.747606 0.118923
1166 0.744844 0.0561383
1171 0.74484 0.045002
1176 0.745297 0.0474901
1181 0.746692 0.0395215
1186 0.76317 0.129942
1191 0.762597 0.112236
1196 0.764416 0.142485
1201 0.766123 0.118382
1206 0.764446 0.10057
1211 0.762089 0.206822
1216 0.761201 0.126789
1221 0.758381 0.117202
1226 0.758611 0.114889
1231 0.759195 0.0406395
1236 0.755088 0.0874429
1241 0.752253 0.0522435
1246 0.758746 0.0446622
1251 0.757171 0.0443662
1256 0.754022 0.0413593
1261 0.739137 0.100464
1266 0.744424 0.0817613
1271 0.746956 0.0835295
1276 0.752462 0.103833
1281 0.750748 0.0387469
1286 0.750185 0.0649984
1291 0.749448 0.0353746
1296 0.750036 0.03787
1301 0.751844 0.0415748
1306 0.751793 0.0396421
1311 0.742268 0.119076
1316 0.737529 0.0838256
1321 0.732999 0.0529852
1326 0.728545 0.106014
1331 0.72838 0.0832082
1336 0.729202 0.176223
1341 0.727738 0.106095
1346 0.728683 0.0748888
1351 0.72937 0.0800151
1356 0.732641 0.0871614
1361 0.729024 0.172997
1366 0.730298 0.0633324
1371 0.733708 0.0514981
1376 0.734142 0.0453309
1381 0.734507 0.0397407
1386 0.72598 0.118499
1391 0.728523 0.0954845
1396 0.730708 0.12265
1401 0.736229 0.119277
1406 0.739338 0.0721266
1411 0.751913 0.16919
1416 0.751734 0.160435
1421 0.753028 0.136336
1426 0.752268 0.12175
1431 0.753189 0.123577
1436 0.752911 0.215288
1441 0.754804 0.162514
1446 0.756758 0.217579
1451 0.759034 0.29257
1456 0.76476 0.361375
1461 0.776609 0.382661
1466 0.780547 0.381273
1471 0.785929 0.436242
1476 0.791815 0.441211
1481 0.792535 0.301382
1486 0.810697 0.492841
1491 0.816477 0.420535
1496 0.817599 0.52435
1501 0.824011 0.620737
1506 0.832075 0.641902
1511 0.838213 0.618599
1516 0.832561 0.478369
1521 0.833459 0.550959
1526 0.810196 0.588252
1531 0.802802 0.540612
1536 0.78331 0.562607
1541 0.778212 0.5661
1546 0.773664 0.54238
1551 0.752867 0.554467
1556 0.741161 0.579436
1561 0.738286 0.576747
1566 0.742012 0.584525
1571 0.741062 0.574014
1576 0.748224 0.576633
1581 0.7632 0.475201
1586 0.756324 0.52686
1591 0.746554 0.459647
1596 0.742162 0.580185
1601 0.733053 0.559282
1606 0.727525 0.579037
1611 0.725984 0.584467
1616 0.70784 0.550389
1621 0.680357 0.558515
1626 0.684347 0.513714
1631 0.703598 0.531215
1636 0.705746 0.540163
1641 0.713653 0.425687
1646 0.706597 0.550528
1651 0.694409 0.54952
1656 0.698797 0.501675
1661 0.711205 0.441898
1666 0.721132 0.448927
1671 0.733009 0.462428
1676 0.718205 0.47584
1681 0.701055 0.506067
1686 0.679959 0.462855
1691 0.685337 0.309618
1696 0.68993 0.524624
1701 0.698417 0.527846
1706 0.698471 0.511379
1711 0.671687 0.483966
1716 0.659144 0.381138
1721 0.648318 0.423505
1726 0.638643 0.417798
1731 0.593762 0.376461
1736 0.504598 0.452384
1741 0.463173 0.47603
1746 0.422625 0.430356
1751 0.373205 0.413999
1756 0.351598 0.389085
1761 0.347283 0.419454
1766 0.344773 0.411087
1771 0.358313 0.369848
1776 0.3644 0.36626
1781 0.355482 0.366045
1786 0.341291 0.305675
1791 0.314926 0.346892
1796 0.29912 0.337948
1801 0.301327 0.327795
1806 0.300812 0.36132
1811 0.285295 0.367042
1816 0.276457 0.337831
1821 0.270333 0.305456
1826 0.259566 0.314824
1831 0.244323 0.371196
1836 0.233918 0.362354
1841 0.215393 0.346114
1846 0.192708 0.299986
1851 0.164673 0.268879
1856 0.14798 0.198897
1861 0.140841 0.207706
1866 0.134176 0.173925
1871 0.159156 0.251141
1876 0.176829 0.226457
1881 0.211225 0.264623
1886 0.239135 0.304798
1891 0.269902 0.345821
1896 0.273373 0.379789
1901 0.290242 0.354444
1906 0.341262 0.453052
1911 0.336179 0.443922
1916 0.324967 0.371587
1921 0.312906 0.339223
1926 0.290246 0.373418
1931 0.262508 0.321697
1936 0.233516 0.256417
1941 0.221258 0.267111
1946 0.202142 0.266658
1951 0.158071 0.202814
1956 0.113387 0.153248
1961 0.0825724 0.144823
1966 0.051363 0.111217
1971 0.0188821 0.0445636
1976 0.00597371 0.0466498
1981 0.00681405 0.0298357
1986 0.00621486 0.054823
1991 0.00707713 0.0353125
1996 0.00671541 0.0440703
2001 0.0168652 0.0473988
2006 0.0770043 0.0837453
2011 0.147841 0.134984
2016 0.210783 0.169146
2021 0.24486 0.225967
2026 0.281401 0.316296
2031 0.29386 0.30991
2036 0.272299 0.302168
2041 0.243925 0.252244
2046 0.200344 0.259541
2051 0.183245 0.221776
2056 0.14281 0.217542
2061 0.0996935 0.159493
2066 0.065309 0.124673
2071 0.0533578 0.0983744
2076 0.0317026 0.120877
2081 0.0145086 0.0797847
2086 0.0135952 0.0872345
2091 0.0117172 0.0864708
2096 0.0113482 0.0543079
2101 0.0258423 0.087724
2106 0.0564526 0.105517
2111 0.0985534 0.147202
2116 0.154593 0.0933801
2121 0.206501 0.149672
2126 0.262716 0.156212
2131 0.315423 0.184294
2136 0.325397 0.1757
2141 0.322924 0.217626
2146 0.312891 0.196135
2151 0.295862 0.216216
2156 0.278383 0.166029
2161 0.266768 0.227856
2166 0.256753 0.180921
2171 0.233512 0.129062
2176 0.190687 0.17733
2181 0.138726 0.211397
2186 0.098064 0.134889
2191 0.0642385 0.0948267
2196 0.0362771 0.0654916
2201 0.0210048 0.0368032
2206 0.0142967 0.0459738
2211 0.00637928 0.0508661
2216 0.00538549 0.0276143
2221 0.00471322 0.0621376
2226 0.00537086 0.0598905
2231 0.0063135 0.0407674
2236 0.00558642 0.0842825
2241 0.00594083 0.0946441
2246 0.00653638 0.0763321
2251 0.00739498 0.0861641
2256 0.00938621 0.0734457
2261 0.0103581 0.0924956
2266 0.0161016 0.0404861
2271 0.0484838 0.085773
2276 0.0701392 0.113237
2281 0.0818232 0.142058
2286 0.088824 0.172412
2291 0.0924664 0.181868
2296 0.0912023 0.212613
2301 0.101027 0.149964
2306 0.103259 0.192913
2311 0.0892404 0.160246
2316 0.0724336 0.151798
2321 0.0576801 0.158415
2326 0.050994 0.133289
2331 0.0455792 0.15908
2336 0.0343991 0.135324
2341 0.0297297 0.148097
2346 0.0224407 0.146435
2351 0.0192438 0.131831
2356 0.0139789 0.0945965
2361 0.0118049 0.0949656
2366 0.0128864 0.0561748
2371 0.0137596 0.0576289
2376 0.0142931 0.105598
2381 0.0119365 0.0961676
2386 0.0392583 0.0992808
2391 0.0598248 0.0824701
2396 0.0657073 0.137227
2401 0.0657254 0.148959
2406 0.0701792 0.134889
2411 0.0709976 0.140183
2416 0.0524883 0.151228
2421 0.0328463 0.204812
2426 0.0133943 0.190476
2431 0.00400075 0.0619768
2436 0.0316918 0.126632
2441 0.0423422 0.0902962
2446 0.0487068 0.0680163
2451 0.0522765 0.0984512
2456 0.0515968 0.118418
2461 0.0566972 0.157677
2466 0.0388383 0.132291
2471 0.0222726 0.110928
2476 0.0148704 0.077315
2481 0.0158605 0.0664707
2486 0.0188309 0.128828
2491 0.0205993 0.0415055
2496 0.0211108 0.076533
2501 0.0224699 0.0962699
2506 0.023862 0.0976292
2511 0.0434528 0.1168
2516 0.0626675 0.120377
2521 0.0677861 0.117951
2526 0.0733178 0.134549
2531 0.0784219 0.160136
2536 0.0820098 0.165013
2541 0.0843517 0.168641
2546 0.0842458 0.24851
2551 0.0707492 0.233223
2556 0.0531022 0.154666
2561 0.0315675 0.161122
2566 0.0108148 0.133545
2571 0.00716845 0.0983853
2576 0.0073 0.129153
2581 0.00723057 0.118126
2586 0.00742057 0.167242
2591 0.0073548 0.128071
2596 0.00723788 0.115397
2601 0.0071027 0.127987
2606 0.00721595 0.160081
2611 0.00756671 0.173077
2616 0.00747536 0.134926
2621 0.00737306 0.0792404
2626 0.021531 0.0937783
2631 0.0380198 0.133753
2636 0.0441105 0.187578
2641 0.0797592 0.145064
2646 0.121648 0.153983
2651 0.147271 0.240556
2656 0.161221 0.276789
2661 0.174674 0.277407
2666 0.156007 0.27713
2671 0.149887 0.262814
2676 0.159094 0.273643
2681 0.142295 0.257973
2686 0.126226 0.218309
2691 0.109719 0.175949
2696 0.0885719 0.185236
2701 0.0650714 0.122189
2706 0.048809 0.122178
2711 0.0489954 0.15927
2716 0.0521156 0.12494
2721 0.0502816 0.128733
2726 0.0512788 0.118791
2731 0.0703839 0.118298
2736 0.0790577 0.159164
2741 0.0843007 0.136369
2746 0.0872636 0.153245
2751 0.0938585 0.154447
2756 0.0972857 0.154757
2761 0.0992697 0.195605
2766 0.103961 0.131531
2771 0.106226 0.14505
2776 0.110753 0.182149
2781 0.110786 0.175098
2786 0.111235 0.193216
2791 0.112445 0.183216
2796 0.111875 0.171816
2801 0.113106 0.2176
2806 0.114451 0.194637
2811 0.113921 0.185379
2816 0.115605 0.147607
2821 0.116171 0.103062
2826 0.115959 0.10616
2831 0.116548 0.124283
2836 0.119284 0.160245
2841 0.117231 0.100216
2846 0.11616 0.0815969
2851 0.12148 0.0655025
2856 0.123365 0.0581332
2861 0.116018 0.0820243
2866 0.117801 0.0764015
2871 0.119989 0.091049
2876 0.119408 0.075404
2881 0.123435 0.0679067
2886 0.12638 0.142284
2891 0.129438 0.0730548
2896 0.127447 0.0671943
2901 0.128407 0.0673222
2906 0.127889 0.100914
2911 0.129485 0.0989519
2916 0.129851 0.099602
2921 0.128813 0.0837527
2926 0.128981 0.101509
2931 0.131831 0.0928171
2936 0.133479 0.161912
2941 0.138287 0.0977132
2946 0.153665 0.114644
2951 0.173987 0.108104
2956 0.196029 0.120391
2961 0.224871 0.169445
2966 0.247338 0.154243
2971 0.277674 0.177176
2976 0.305566 0.16783
2981 0.324364 0.180724
2986 0.364641 0.201097
2991 0.383812 0.186844
2996 0.410922 0.19327
3001 0.45671 0.217513
3006 0.494393 0.275551
3011 0.546535 0.316691
3016 0.587657 0.31174
3021 0.622501 0.351751
3026 0.642984 0.326833
3031 0.667774 0.258657
3036 0.701285 0.22627
3041 0.678658 0.17384
3046 0.660159 0.217856
3051 0.654387 0.15045
3056 0.649235 0.167874
3061 0.659403 0.237469
3066 0.667302 0.185623
3071 0.674135 0.198908
3076 0.670028 0.203417
3081 0.674157 0.165631
3086 0.695607 0.211093
3091 0.698994 0.171626
3096 0.694427 0.1892
3101 0.688486 0.146164
3106 0.682717 0.162858
3111 0.680134 0.195207
3116 0.676261 0.147483
3121 0.672783 0.146668
3126 0.676181 0.130136
3131 0.682527 0.124491
3136 0.687851 0.129789
3141 0.687328 0.0965147
3146 0.68332 0.065561
3151 0.68107 0.0896897
3156 0.680284 0.0929051
3161 0.683024 0.172679
3166 0.683214 0.128207
3171 0.680003 0.0881187
3176 0.678903 0.0999054
3181 0.684785 0.109021
3186 0.690668 0.149131
3191 0.687821 0.141988
3196 0.689604 0.1333
3201 0.686911 0.121316
3206 0.686126 0.121279
3211 0.682322 0.204951
3216 0.683317 0.0882283
3221 0.681176 0.0668544
3226 0.680821 0.0588895
3231 0.679652 0.0794121
3236 0.681774 0.180863
3241 0.6807 0.106701
3246 0.67994 0.0753309
3251 0.679308 0.0644322
3256 0.67762 0.0617978
3261 0.67716 0.11768
3266 0.677646 0.07821
3271 0.67922 0.0390137
3276 0.681566 0.0361492
3281 0.684438 0.0732191
3286 0.693857 0.158042
3291 0.692268 0.148133
3296 0.693086 0.0645562
3301 0.690927 0.0585094
3306 0.690302 0.055835
3311 0.694361 0.211046
3316 0.691124 0.0990724
3321 0.690002 0.0642861
3326 0.688936 0.0688055
3331 0.687105 0.0519694
3336 0.67769 0.142817
3341 0.676543 0.0702779
3346 0.675808 0.0789552
3351 0.674105 0.062514
3356 0.675523 0.0586117
3361 0.68237 0.119222
3366 0.679136 0.0631863
3371 0.67518 0.0520426
3376 0.676057 0.0360615
3381 0.675885 0.0275704
3386 0.675012 0.102244
3391 0.67503 0.0696459
3396 0.675508 0.0430107
3401 0.677774 0.0480674
3406 0.678811 0.0359117
3411 0.676816 0.141732
3416 0.67556 0.0686265
3421 0.674971 0.0659667
3426 0.674171 0.0703839
3431 0.674398 0.0661457
3436 0.702253 0.222968
3441 0.703872 0.0823278
3446 0.712377 0.0619878
3451 0.717233 0.0818125
3456 0.718293 0.0789918
3461 0.72742 0.216143
3466 0.727529 0.114666
3471 0.726104 0.0717686
3476 0.726813 0.0558021
3481 0.727416 0.107498
3486 0.726148 0.171955
3491 0.727548 0.129763
3496 0.733181 0.149624
3501 0.734186 0.130925
3506 0.735669 0.0720973
3511 0.733554 0.185094
3516 0.730569 0.138937
3521 0.731121 0.143391
3526 0.731442 0.157849
3531 0.731025 0.097136
3536 0.72724 0.158517
3541 0.727719 0.149259
3546 0.727098 0.075667
3551 0.727296 0.0902415
3556 0.727182 0.0480856
3561 0.72587 0.141809
3566 0.726313 0.0823532
3571 0.719056 0.153219
3576 0.71803 0.119043
3581 0.719316 0.0882869
3586 0.721526 0.0782174
3591 0.721435 0.0913266
3596 0.717606 0.126792
3601 0.718625 0.061966
3606 0.720529 0.049591
3611 0.720339 0.0651008
3616 0.721037 0.0878447
3621 0.725662 0.157611
3626 0.724299 0.111542
3631 0.723437 0.0720537
3636 0.728647 0.084487
3641 0.730989 0.0699455
3646 0.731957 0.156464
3651 0.733137 0.101166
3656 0.73328 0.0796568
3661 0.735015 0.0732154
3666 0.736667 0.0651482
3671 0.722206 0.230527
3676 0.723773 0.110852
3681 0.720163 0.055974
3686 0.721603 0.0580747
3691 0.719754 0.0621412
3696 0.713835 0.107074
3701 0.714135 0.0849217
3706 0.712772 0.0804276
3711 0.713718 0.069149
3716 0.713017 0.0949254
3721 0.704807 0.139895
3726 0.702977 0.105214
3731 0.702107 0.103314
3736 0.703671 0.072397
3741 0.70442 0.0934713
3746 0.705754 0.148218
3751 0.705381 0.131564
3756 0.704942 0.125591
3761 0.704434 0.108422
3766 0.703817 0.0618342
3771 0.692958 0.164275
3776 0.696955 0.065152
3781 0.699341 0.0692768
3786 0.698201 0.0791233
3791 0.698019 0.0472746
3796 0.701194 0.169785
3801 0.697478 0.104809
3806 0.69415 0.125105
3811 0.726513 0.112258
3816 0.758896 0.130746
3821 0.796338 0.20239
3826 0.799484 0.0919002
3831 0.802692 0.0857438
3836 0.803276 0.0760762
3841 0.803496 0.0659885
3846 0.802922 0.145912
3851 0.802027 0.123292
3856 0.80004 0.083409
3861 0.79985 0.0619805
3866 0.800175 0.0506871
3871 0.799937 0.0803036
3876 0.80016 0.0718855
3881 0.801114 0.0857805
3886 0.800843 0.139358
3891 0.80027 0.0997812
3896 0.798833 0.138334
3901 0.798991 0.0645636
3906 0.799009 0.0586558
3911 0.798655 0.0461492
3916 0.798399 0.0489735
3921 0.797164 0.138977
3926 0.79757 0.0696167
3931 0.797318 0.0409574
3936 0.798425 0.0653455
3941 0.799539 0.0737344
3946 0.798991 0.0941801
3951 0.798359 0.0663721
3956 0.799367 0.0726601
3961 0.799809 0.0537854
3966 0.799612 0.0374791
3971 0.802699 0.108477
3976 0.801541 0.0581808
3981 0.799232 0.0390721
3986 0.796817 0.0370187
3991 0.79967 0.0479395
3996 0.800807 0.0959815
4001 0.80065 0.0982429
4006 0.800025 0.0467667
4011 0.79967 0.0916007
4016 0.800756 0.0254805
4021 0.8005 0.111177
4026 0.800924 0.0521376
4031 0.800164 0.0482355
4036 0.800737 0.0479286
4041 0.800609 0.0663467
4046 0.790821 0.172741
4051 0.791691 0.0839536
4056 0.792297 0.130443
4061 0.794515 0.0867633
4066 0.797712 0.0478446
4071 0.800591 0.161473
4076 0.80046 0.0493717
4081 0.800708 0.0491525
4086 0.800872 0.0310962
4091 0.801106 0.0413337
4096 0.801497 0.191334
4101 0.801665 0.0916407
4106 0.800061 0.095068
4111 0.800617 0.107549
4116 0.800321 0.0910415
4121 0.800153 0.163797
4126 0.800087 0.103194
4131 0.800237 0.157578
4136 0.799729 0.184031
4141 0.798286 0.213534
4146 0.798691 0.246501
4151 0.797172 0.215986
4156 0.795023 0.263096
4161 0.794712 0.24931
4166 0.796455 0.266285
4171 0.796507 0.320907
4176 0.802155 0.315536
4181 0.806112 0.268616
4186 0.810745 0.298416
4191 0.816254 0.266497
4196 0.814884 0.311408
4201 0.817307 0.343666
4206 0.816481 0.447345
4211 0.820928 0.348485
4216 0.828195 0.546224
4221 0.830693 0.464032
4226 0.838176 0.477178
4231 0.846342 0.479739
4236 0.854435 0.499428
4241 0.858228 0.502998
4246 0.846061 0.480129
4251 0.81974 0.459878
4256 0.770014 0.488661
4261 0.726378 0.489516
4266 0.730175 0.535256
4271 0.735162 0.450707
4276 0.753569 0.419238
4281 0.763346 0.480495
4286 0.758983 0.55211
4291 0.760083 0.506597
4296 0.707649 0.50329
4301 0.703718 0.462716
4306 0.694672 0.557766
4311 0.695436 0.540517
4316 0.707511 0.603057
4321 0.674369 0.510875
4326 0.646203 0.522417
4331 0.613784 0.464477
4336 0.603601 0.495274
4341 0.599436 0.547302
4346 0.596765 0.517605
4351 0.600978 0.434225
4356 0.596421 0.565819
4361 0.589911 0.520773
4366 0.582921 0.549235
4371 0.570985 0.523568
4376 0.563353 0.526279
4381 0.561851 0.522757
4386 0.559348 0.385905
4391 0.540977 0.454916
4396 0.515077 0.46124
4401 0.481281 0.410652
4406 0.451774 0.403352
4411 0.433611 0.440232
4416 0.43808 0.478171
4421 0.460228 0.479413
4426 0.468909 0.458292
4431 0.449304 0.497612
4436 0.435957 0.506871
4441 0.434868 0.506732
4446 0.451215 0.540901
4451 0.460787 0.54576
4456 0.462881 0.490418
4461 0.453206 0.464489
4466 0.459414 0.50314
4471 0.484328 0.449932
4476 0.495311 0.433951
4481 0.469253 0.472285
4486 0.44493 0.428387
4491 0.434331 0.441671
4496 0.435011 0.416428
4501 0.471872 0.442804
4506 0.521496 0.393604
4511 0.588029 0.46591
4516 0.638625 0.472713
4521 0.655278 0.440582
4526 0.698884 0.496407
4531 0.748406 0.462139
4536 0.759546 0.466808
4541 0.7399 0.468555
4546 0.712893 0.471558
4551 0.688899 0.451646
4556 0.679794 0.462552
4561 0.591537 0.509001
4566 0.54678 0.572571
4571 0.519995 0.515237
4576 0.500919 0.53868
4581 0.468486 0.49937
4586 0.456914 0.472172
4591 0.453747 0.462603
4596 0.490835 0.46268
4601 0.48306 0.431902
4606 0.478522 0.403823
4611 0.467912 0.427776
4616 0.436052 0.441518
4621 0.414528 0.344046
4626 0.354093 0.390349
4631 0.354623 0.343205
4636 0.368836 0.334181
4641 0.397685 0.3644
4646 0.42128 0.418602
4651 0.439961 0.433136
4656 0.440594 0.413728
4661 0.418876 0.378967
4666 0.399669 0.424945
4671 0.37736 0.389399
4676 0.318076 0.31771
4681 0.266208 0.335025
4686 0.247904 0.308748
4691 0.270063 0.303962
4696 0.271397 0.355248
4701 0.277396 0.355515
4706 0.276932 0.382723
4711 0.299245 0.373948
4716 0.336768 0.399212
4721 0.390389 0.401361
4726 0.398343 0.41375
4731 0.386392 0.354747
4736 0.366264 0.420564
4741 0.336815 0.423001
4746 0.311408 0.324689
4751 0.269793 0.321558
4756 0.227728 0.325723
4761 0.193161 0.324627
4766 0.151999 0.298704
4771 0.126632 0.246585
4776 0.0964344 0.198429
4781 0.065901 0.147085
4786 0.0386484 0.171235
4791 0.0171758 0.0867193
4796 0.00386921 0.0778628
4801 0.00245891 0.0765804
4806 0.00213008 0.0848814
4811 0.00291196 0.0682281
4816 0.00320425 0.0872601
4821 0.00289369 0.0895146
4826 0.00384728 0.0696531
4831 0.0035148 0.123014
4836 0.0066131 0.105682
4841 0.00720135 0.0939717
4846 0.00788093 0.0831244
4851 0.00734018 0.119489
4856 0.00800148 0.102507
4861 0.00760324 0.125657
4866 0.00718307 0.102415
4871 0.00729634 0.104209
4876 0.00732921 0.0881627
4881 0.00673002 0.120643
4886 0.0072452 0.165474
4891 0.00703693 0.117235
4896 0.00644139 0.101469
4901 0.00862991 0.10521
4906 0.0100622 0.0918419
4911 0.00552796 0.135602
4916 0.00310195 0.0824557
4921 0.0292001 0.113552
4926 0.0425614 0.117012
4931 0.0794924 0.123303
4936 0.0918163 0.168919
4941 0.0988347 0.15578
4946 0.106011 0.181634
4951 0.094845 0.22915
4956 0.0810416 0.184188
4961 0.0746148 0.200995
4966 0.0530875 0.157224
4971 0.0614397 0.163234
4976 0.0759082 0.173223
4981 0.0766428 0.158799
4986 0.0803365 0.212244
4991 0.0832007 0.158623
4996 0.0863795 0.199146
5001 0.0827442 0.244192
5006 0.0744028 0.229029
5011 0.0592767 0.210363
5016 0.0373768 0.102477
5021 0.0219255 0.133259
5026 0.013281 0.0992808
5031 0.011045 0.0762663
5036 0.0127293 0.111042
5041 0.014326 0.110402
5046 0.0212131 0.0719366
5051 0.0460068 0.0950826
5056 0.0795106 0.108934
5061 0.119171 0.198294
5066 0.157878 0.143063
5071 0.195467 0.211448
5076 0.216961 0.195438
5081 0.207366 0.211656
5086 0.185203 0.208119
5091 0.156511 0.191553
5096 0.141349 0.197878
5101 0.115601 0.184933
5106 0.0841325 0.147037
5111 0.0679468 0.163497
5116 0.050497 0.169
5121 0.027132 0.153896
5126 0.00202047 0.151663
5131 0.000317867 0.207506
5136 0.000215565 0.153501
5141 0.000138839 0.14999
5146 0.000109609 0.145485
5151 0.000109609 0.0925615
5156 0.00012057 0.132675
5161 0.000281331 0.192281
5166 0.00016076 0.168218
5171 0.000120571 0.166025
5176 0.000113263 0.170132
5181 6.57658e-05 0.140223
5186 0.000116917 0.17452
5191 4.01902e-05 0.169862
5196 2.92292e-05 0.161817
5201 0 0.186964
5206 0 0.189603
5211 0 0.141688
5216 0 0.162562
5221 0.000200951 0.165865
5226 0.000131531 0.112415
5231 0.000113263 0.166983
5236 0.000109609 0.174765
5241 9.86485e-05 0.159843
5246 0.000200951 0.190392
5251 0.000171722 0.181623
5256 0.00010961 0.136519
5261 0.0291014 0.132536
5266 0.0448704 0.144089
5271 0.0524444 0.150717
5276 0.0566718 0.125035
5281 0.060077 0.123888
5286 0.0625505 0.122164
5291 0.0900369 0.148371
5296 0.119883 0.167228
5301 0.139292 0.172325
5306 0.156336 0.178349
5311 0.162927 0.186716
5316 0.161802 0.192401
5321 0.155353 0.201016
5326 0.148813 0.158744
5331 0.160081 0.155134
5336 0.171948 0.116442
5341 0.176731 0.138572
5346 0.183376 0.158528
5351 0.192061 0.153285
5356 0.220147 0.175832
5361 0.240925 0.179595
5366 0.243651 0.210195
5371 0.240775 0.22281
5376 0.245799 0.20258
5381 0.249467 0.183026
5386 0.261236 0.182887
5391 0.280644 0.21273
5396 0.29216 0.239778
5401 0.288682 0.233395
5406 0.286731 0.221718
5411 0.292778 0.218503
5416 0.29816 0.180881
5421 0.324455 0.196946
5426 0.338415 0.154845
5431 0.349461 0.192025
5436 0.358949 0.208357
5441 0.378777 0.201872
5446 0.389205 0.255046
5451 0.401514 0.259055
5456 0.399267 0.239197
5461 0.396567 0.171411
5466 0.39181 0.181034
5471 0.390648 0.172123
5476 0.388511 0.147333
5481 0.404707 0.144524
5486 0.429011 0.129781
5491 0.450502 0.138871
5496 0.47226 0.145152
5501 0.485818 0.144856
5506 0.505417 0.153015
5511 0.518325 0.151433
5516 0.525245 0.162112
5521 0.544083 0.197674
5526 0.560959 0.175792
5531 0.599016 0.219544
5536 0.622447 0.207626
5541 0.641255 0.152759
5546 0.65773 0.182759
5551 0.667832 0.169179
5556 0.681022 0.220395
5561 0.695677 0.14767
5566 0.70218 0.172229
5571 0.701789 0.191813
5576 0.704497 0.261521
5581 0.706342 0.254371
5586 0.705987 0.219442
5591 0.710649 0.211122
5596 0.72153 0.185825
5601 0.719272 0.174031
5606 0.720554 0.11851
5611 0.71997 0.135196
5616 0.720463 0.0935042
5621 0.728512 0.172967
5626 0.728268 0.142938
5631 0.724705 0.14927
5636 0.721124 0.102543
5641 0.731245 0.0813228
5646 0.796525 0.194071
5651 0.797753 0.138415
5656 0.792012 0.174758
5661 0.790058 0.117827
5666 0.791267 0.118309
5671 0.790774 0.188959
5676 0.792509 0.131889
5681 0.792995 0.0908554
5686 0.791307 0.0713668
5691 0.792075 0.10315
5696 0.792235 0.179602
5701 0.791337 0.127282
5706 0.789535 0.122163
5711 0.786525 0.0580785
5716 0.783116 0.0820829
5721 0.779108 0.188211
5726 0.779104 0.190165
5731 0.779389 0.121758
5736 0.77853 0.106182
