1 0 0.0884948
6 0 0.129479
11 0.00365802 0.0138566
16 0.0865341 0.0958547
21 0.145633 0.148355
26 0.12806 0.191036
31 0.0865195 0.144609
36 0.0585137 0.130035
41 0.0589819 0.0970985
46 0.0607816 0.0966741
51 0.0568749 0.0946988
56 0.0467495 0.0799204
61 0.0336684 0.0628301
66 0.0231187 0.0506855
71 0.0131396 0.0434134
76 0.00272157 0.0187437
81 1.46321e-05 0.0218164
86 1.46321e-05 0.130869
91 0 0.113062
96 0.00415551 0.0250062
101 0.079379 0.086139
106 0.12983 0.168049
111 0.179126 0.237201
116 0.165064 0.245351
121 0.130079 0.233323
126 0.138961 0.236045
131 0.161421 0.204469
136 0.178146 0.216672
141 0.191417 0.225261
146 0.201718 0.238122
151 0.181686 0.178862
156 0.163587 0.186266
161 0.147023 0.179506
166 0.13441 0.13542
171 0.12765 0.122295
176 0.118373 0.0716533
181 0.111877 0.104517
186 0.108804 0.0959572
191 0.107004 0.0872364
196 0.108936 0.162943
201 0.108116 0.145019
206 0.108394 0.107195
211 0.108468 0.127884
216 0.108336 0.103142
221 0.11116 0.116793
226 0.110618 0.183398
231 0.111379 0.149013
236 0.112257 0.175892
241 0.111745 0.0796131
246 0.111204 0.0935721
251 0.110736 0.166528
256 0.110633 0.145867
261 0.110077 0.142355
266 0.110048 0.125499
271 0.109799 0.133664
276 0.109916 0.0684781
281 0.109887 0.15728
286 0.109185 0.128001
291 0.10917 0.0864024
296 0.112272 0.0150271
301 0.114584 0.00607231
306 0.109975 0.00635032
311 0.111218 0.103902
316 0.114159 0.0370192
321 0.113647 0.1237
326 0.11375 0.133635
331 0.114189 0.103302
336 0.114306 0.085583
341 0.113984 0.121344
346 0.108438 0.151691
351 0.108073 0.0908213
356 0.108263 0.0970838
361 0.121929 0.0196948
366 0.134835 0.0494272
371 0.149159 0.0757649
376 0.151647 0.0918017
381 0.146906 0.0690634
386 0.141565 0.0760575
391 0.141287 0.0692975
396 0.144682 0.065859
401 0.163967 0.0898117
406 0.182199 0.144302
411 0.209063 0.145179
416 0.215428 0.187905
421 0.224983 0.183325
426 0.263831 0.203635
431 0.301011 0.273605
436 0.313551 0.293505
441 0.325447 0.287213
446 0.333802 0.263714
451 0.342274 0.260173
456 0.345098 0.266567
461 0.350365 0.283131
466 0.354052 0.297894
471 0.364661 0.301494
476 0.365041 0.208697
481 0.366782 0.268104
486 0.368041 0.294924
491 0.369284 0.237201
496 0.369065 0.302782
501 0.370016 0.338659
506 0.369694 0.308781
511 0.369284 0.0631667
516 0.377537 0.0255622
521 0.447449 0.125441
526 0.484775 0.164187
531 0.52696 0.209078
536 0.566115 0.248716
541 0.567154 0.216994
546 0.55956 0.201206
551 0.562355 0.190524
556 0.55934 0.171356
561 0.550064 0.145194
566 0.538197 0.164128
571 0.531539 0.41798
576 0.525701 0.195089
581 0.523228 0.057826
586 0.521516 0.114306
591 0.521458 0.280468
596 0.529901 0.223154
601 0.554541 0.0236162
606 0.584434 0.033566
611 0.633218 0.055397
616 0.662789 0.0728238
621 0.698257 0.0943623
626 0.706978 0.0968351
631 0.720542 0.107399
636 0.730975 0.122851
641 0.735437 0.120334
646 0.750713 0.252433
651 0.74966 0.0462666
656 0.748621 0.0244356
661 0.748167 0.0350877
666 0.746119 0.0535095
671 0.74527 0.0905287
676 0.742519 0.0724288
681 0.735262 0.112784
686 0.729819 0.124709
691 0.727565 0.132318
696 0.726029 0.206488
701 0.727448 0.154573
706 0.729877 0.173332
711 0.731823 0.177004
716 0.733096 0.190115
721 0.744743 0.321979
726 0.74388 0.210658
731 0.743529 0.232709
736 0.744422 0.195367
741 0.74707 0.0916407
746 0.755542 0.317765
751 0.757429 0.323544
756 0.758512 0.17459
761 0.760561 0.133957
766 0.764189 0.0977715
771 0.777168 0.380829
776 0.778017 0.129626
781 0.777944 0.132801
786 0.778456 0.0730872
791 0.777622 0.0437499
796 0.769823 0.221983
801 0.767613 0.182886
806 0.766472 0.110267
811 0.767935 0.0329953
816 0.793527 0.211638
821 0.819543 0.201908
826 0.831175 0.221983
831 0.835682 0.0613377
836 0.837218 0.0769208
841 0.838813 0.243639
846 0.842017 0.311341
851 0.842881 0.230748
856 0.842954 0.127416
861 0.844359 0.143321
866 0.843934 0.100727
871 0.842339 0.211419
876 0.843247 0.224763
881 0.841783 0.13444
886 0.842588 0.146921
891 0.843071 0.25792
896 0.841813 0.229138
901 0.841637 0.06204
906 0.841154 0.243244
911 0.842135 0.244312
916 0.842164 0.287535
921 0.841535 0.150388
926 0.841418 0.19923
931 0.83975 0.235825
936 0.839896 0.163484
941 0.840349 0.187217
946 0.840101 0.175146
951 0.83991 0.204834
956 0.838374 0.276093
961 0.839164 0.299153
966 0.839691 0.112945
971 0.839852 0.175965
976 0.840101 0.109389
981 0.838418 0.267006
986 0.838125 0.194285
991 0.838345 0.153066
996 0.837877 0.0253574
1001 0.83912 0.021275
1006 0.840554 0.0727507
1011 0.839881 0.0557043
1016 0.840979 0.210877
1021 0.841696 0.168444
1026 0.841374 0.141082
1031 0.841315 0.171239
1036 0.838901 0.232094
1041 0.838798 0.0602256
1046 0.838798 0.0281814
1051 0.838755 0.0256061
1056 0.83874 0.0304201
1061 0.837964 0.0374435
1066 0.836838 0.023982
1071 0.837262 0.0309761
1076 0.836896 0.0337123
1081 0.837994 0.0300982
1086 0.837013 0.10083
1091 0.837364 0.0351901
1096 0.835667 0.0473055
1101 0.83457 0.0457252
1106 0.834014 0.0481542
1111 0.832799 0.0641909
1116 0.832931 0.0476713
1121 0.834014 0.0460618
1126 0.83356 0.0436767
1131 0.835214 0.0478469
1136 0.836618 0.0751942
1141 0.83536 0.0538021
1146 0.835199 0.0422574
1151 0.835287 0.0440864
1156 0.834701 0.0559677
1161 0.834775 0.0909823
1166 0.834687 0.0536851
1171 0.835843 0.0589087
1176 0.835228 0.0667223
1181 0.833546 0.0705412
1186 0.835418 0.102234
1191 0.83555 0.0972448
1196 0.836267 0.0875291
1201 0.836223 0.0717703
1206 0.835272 0.0652444
1211 0.835682 0.107575
1216 0.834175 0.0585722
1221 0.834233 0.0444376
1226 0.833268 0.0519585
1231 0.835345 0.05667
1236 0.831248 0.0711997
1241 0.82999 0.0694585
1246 0.832024 0.0774768
1251 0.832068 0.0805788
1256 0.831307 0.0723556
1261 0.832989 0.0828614
1266 0.835038 0.0775939
1271 0.834833 0.0548557
1276 0.835638 0.0474811
1281 0.835609 0.0385116
1286 0.833487 0.0355559
1291 0.83356 0.0320296
1296 0.833048 0.0348243
1301 0.834014 0.0398431
1306 0.834189 0.0350877
1311 0.836896 0.0670881
1316 0.83653 0.0319711
1321 0.837657 0.023821
1326 0.837496 0.0163733
1331 0.83675 0.0115593
1336 0.833326 0.187305
1341 0.833458 0.156475
1346 0.83375 0.126187
1351 0.834101 0.126992
1356 0.834321 0.155788
1361 0.83157 0.319682
1366 0.832316 0.0670442
1371 0.833238 0.0293227
1376 0.833502 0.0295129
1381 0.834321 0.0142077
1386 0.834892 0.285047
1391 0.835375 0.172015
1396 0.835389 0.219306
1401 0.836033 0.222773
1406 0.836282 0.0563774
1411 0.832931 0.260802
1416 0.832492 0.24219
1421 0.831951 0.148501
1426 0.832887 0.0768623
1431 0.834614 0.0965863
1436 0.833897 0.100478
1441 0.838798 0.0446132
1446 0.83994 0.0491491
1451 0.84648 0.0920943
1456 0.852318 0.127021
1461 0.855289 0.10358
1466 0.855625 0.0706144
1471 0.853196 0.349209
1476 0.852596 0.473231
1481 0.843247 0.388482
1486 0.842076 0.499217
1491 0.840042 0.533471
1496 0.845661 0.502085
1501 0.860322 0.670778
1506 0.877222 0.643987
1511 0.891006 0.575128
1516 0.897502 0.566949
1521 0.91073 0.511084
1526 0.87829 0.474006
1531 0.859254 0.388218
1536 0.822718 0.465563
1541 0.820011 0.587332
1546 0.81148 0.641734
1551 0.798867 0.676221
1556 0.786972 0.672081
1561 0.793293 0.552668
1566 0.791888 0.499993
1571 0.800155 0.496057
1576 0.818826 0.473362
1581 0.841198 0.207907
1586 0.814377 0.521604
1591 0.81805 0.537056
1596 0.789357 0.590873
1601 0.727697 0.37742
1606 0.696779 0.419326
1611 0.683259 0.498325
1616 0.709992 0.556414
1621 0.748475 0.541577
1626 0.771915 0.431324
1631 0.746236 0.488872
1636 0.720469 0.532227
1641 0.726951 0.168532
1646 0.738993 0.521385
1651 0.714192 0.470904
1656 0.725897 0.441289
1661 0.74208 0.409757
1666 0.732965 0.517449
1671 0.722312 0.312644
1676 0.718128 0.50807
1681 0.72856 0.542075
1686 0.747436 0.636481
1691 0.779319 0.532037
1696 0.768111 0.38178
1701 0.687927 0.24996
1706 0.599944 0.26468
1711 0.579284 0.197562
1716 0.624775 0.208961
1721 0.636759 0.293783
1726 0.69795 0.438172
1731 0.6711 0.429993
1736 0.521663 0.545264
1741 0.419838 0.485404
1746 0.322798 0.341893
1751 0.283628 0.271996
1756 0.361837 0.485961
1761 0.341498 0.385555
1766 0.280204 0.211302
1771 0.247077 0.194899
1776 0.21136 0.237215
1781 0.208536 0.275859
1786 0.278273 0.411425
1791 0.291939 0.415112
1796 0.282223 0.449336
1801 0.206254 0.328958
1806 0.170625 0.258856
1811 0.180048 0.280058
1816 0.150184 0.2601
1821 0.125982 0.175058
1826 0.117539 0.221574
1831 0.138697 0.220549
1836 0.13422 0.181101
1841 0.183764 0.206766
1846 0.188461 0.293329
1851 0.204981 0.26048
1856 0.157719 0.233001
1861 0.135376 0.174897
1866 0.167654 0.173478
1871 0.200547 0.292627
1876 0.145867 0.265777
1881 0.155978 0.221925
1886 0.193904 0.227134
1891 0.217916 0.318979
1896 0.189924 0.3615
1901 0.224661 0.271074
1906 0.249989 0.323266
1911 0.401343 0.465593
1916 0.552727 0.424637
1921 0.515942 0.608636
1926 0.313404 0.375576
1931 0.126758 0.183267
1936 0.0156124 0.0167976
1941 0.000102425 0.114291
1946 5.85283e-05 0.101152
1951 0 0.0724727
1956 1.46321e-05 0.153417
1961 4.38962e-05 0.118403
1966 7.31604e-05 0.129304
1971 8.77925e-05 0.071068
1976 0.000336538 0.097435
1981 2.92642e-05 0.0233089
1986 0 0.112067
1991 0 0.0709509
1996 0 0.102922
2001 0 0.0973179
2006 0 0.146789
2011 0.216335 0.0643372
2016 0.318043 0.215574
2021 0.294514 0.377961
2026 0.415171 0.346722
2031 0.390603 0.357564
2036 0.361763 0.476099
2041 0.226285 0.35834
2046 0.121578 0.168196
2051 0.0115593 0.0118959
2056 0.000570651 0.0497783
2061 0.00160953 0.0299519
2066 0.00425793 0.0074331
2071 0.00810617 0.0120568
2076 0.00854513 0.019051
2081 0.0106375 0.0225334
2086 0.0117349 0.0409698
2091 0.0121885 0.0301713
2096 0.0147345 0.0334636
2101 0.0142663 0.0377215
2106 0.01551 0.0460032
2111 0.0848075 0.0837686
2116 0.226958 0.176112
2121 0.317809 0.254481
2126 0.397246 0.250033
2131 0.461086 0.149642
2136 0.467173 0.249521
2141 0.480269 0.331768
2146 0.452263 0.355106
2151 0.363066 0.187569
2156 0.161904 0.108029
2161 0.0485785 0.0503636
2166 0.149496 0.127299
2171 0.153081 0.214989
2176 0.0607524 0.165342
2181 0.0113545 0.0585576
2186 0.0077111 0.0276546
2191 0.00573577 0.0198996
2196 0.00452131 0.0170464
2201 0.00316053 0.0151003
2206 0.00193143 0.0131542
2211 0.00070234 0.019446
2216 4.38962e-05 0.0174707
2221 4.38962e-05 0.133576
2226 0.000175585 0.137629
2231 0.000292642 0.0586746
2236 0.000190217 0.0869584
2241 0.000204849 0.0926064
2246 0.00111204 0.0217725
2251 0.00389213 0.014515
2256 0.00487248 0.0193582
2261 0.00402382 0.0470129
2266 0.00171195 0.0213189
2271 0.000716972 0.0146028
2276 0.00813543 0.0305664
2281 0.164947 0.151091
2286 0.233499 0.338059
2291 0.161684 0.338294
2296 0.0751211 0.180121
2301 0.0194753 0.071902
2306 0.00115593 0.0128909
2311 0.0425062 0.102966
2316 0.029908 0.13245
2321 0.0357169 0.120568
2326 0.0442474 0.153783
2331 0.0150271 0.0900897
2336 0 0.0332294
2341 0.000263377 0.0988397
2346 0.000248745 0.143029
2351 0.000204849 0.0870023
2356 0.00558945 0.0157441
2361 0.0376337 0.0997761
2366 0.0252842 0.10459
2371 0 0.0435304
2376 0 0.151969
2381 0 0.0774183
2386 0 0.0903092
2391 0.0523536 0.0538168
2396 0.198894 0.219467
2401 0.126275 0.227895
2406 0.00836955 0.083198
2411 1.46321e-05 0.0500563
2416 4.38962e-05 0.10241
2421 0 0.138741
2426 0 0.136781
2431 0 0.0814129
2436 0 0.139049
2441 0.0746529 0.0421843
2446 0.139868 0.0981812
2451 0.0513293 0.18274
2456 4.38962e-05 0.0650103
2461 0 0.0952256
2466 0 0.0857001
2471 0 0.109375
2476 0 0.1213
2481 0 0.120685
2486 0.0352487 0.0672051
2491 0.0354535 0.0753406
2496 0.00500417 0.0628301
2501 0 0.00706729
2506 0 0.0857147
2511 0 0.114876
2516 0 0.125953
2521 0.115593 0.131733
2526 0.251028 0.373469
2531 0.171356 0.391467
2536 0.0380141 0.196362
2541 0 0.0249477
2546 0 0.144258
2551 0 0.146072
2556 0 0.114072
2561 0 0.11514
2566 0 0.120144
2571 0 0.109082
2576 0 0.127562
2581 0 0.0935429
2586 0 0.0887143
2591 0 0.111306
2596 0 0.10658
2601 0 0.102059
2606 0 0.161245
2611 0 0.102542
2616 0 0.116588
2621 0 0.0816616
2626 0 0.108146
2631 0 0.0778573
2636 0.0838418 0.0306542
2641 0.160236 0.181379
2646 0.0843393 0.179799
2651 0.1696 0.280116
2656 0.299797 0.415083
2661 0.273693 0.486985
2666 0.14319 0.356862
2671 0.0531437 0.185345
2676 8.77925e-05 0.0567286
2681 0.00179975 0.0833297
2686 0.0358632 0.0988104
2691 0.107707 0.158904
2696 0.153008 0.210175
2701 0.141331 0.149759
2706 0.117788 0.154646
2711 0.0907481 0.111482
2716 0.0641617 0.0877486
2721 0.0361705 0.0445254
2726 0.0173244 0.0200898
2731 0.00324832 0.0848221
2736 0 0.0799497
2741 0.0151735 0.0188169
2746 0.0850855 0.0815153
2751 0.120144 0.156592
2756 0.153842 0.208595
2761 0.143921 0.272757
2766 0.126567 0.309863
2771 0.0937331 0.247355
2776 0.0695024 0.184525
2781 0.0514756 0.123012
2786 0.0346341 0.07616
2791 0.0200167 0.0358193
2796 0.00918894 0.0148077
2801 0.00222408 0.0645714
2806 5.85283e-05 0.096718
2811 4.38962e-05 0.101239
2816 2.92642e-05 0.106829
2821 0 0.064425
2826 0 0.121183
2831 0 0.161597
2836 0 0.0859781
2841 0 0.139356
2846 0 0.0677319
2851 0 0.146335
2856 0 0.0569919
2861 0 0.141214
2866 0 0.13343
2871 1.46321e-05 0.0858757
2876 1.46321e-05 0.0837247
2881 0 0.0935282
2886 1.46321e-05 0.145911
2891 0.00831102 0.0180999
2896 0.0346049 0.0664735
2901 0.0472909 0.124051
2906 0.0485346 0.126216
2911 0.0333904 0.0992786
2916 0.0212311 0.0663857
2921 0.0133006 0.0426671
2926 0.00741846 0.0262646
2931 0.00223871 0.0103595
2936 1.46321e-05 0.138844
2941 0 0.0809446
2946 0 0.139561
2951 0 0.0535827
2956 0.0224602 0.0395212
2961 0.0659321 0.103698
2966 0.123539 0.133474
2971 0.17936 0.209634
2976 0.214243 0.210892
2981 0.246287 0.215955
2986 0.292846 0.240332
2991 0.321159 0.227953
2996 0.349077 0.235781
3001 0.401826 0.267577
3006 0.432392 0.295524
3011 0.50128 0.377683
3016 0.557775 0.366694
3021 0.589556 0.470831
3026 0.615425 0.399441
3031 0.683069 0.317399
3036 0.790966 0.383375
3041 0.803769 0.331021
3046 0.822147 0.41599
3051 0.843305 0.321042
3056 0.86202 0.341688
3061 0.875642 0.340942
3066 0.891503 0.295831
3071 0.903443 0.245292
3076 0.907116 0.193773
3081 0.900312 0.229021
3086 0.878305 0.183706
3091 0.853533 0.236469
3096 0.841374 0.239483
3101 0.833882 0.256617
3106 0.829214 0.323969
3111 0.835726 0.248072
3116 0.840759 0.248994
3121 0.840203 0.216087
3126 0.846363 0.218691
3131 0.854045 0.190554
3136 0.861156 0.181204
3141 0.860571 0.0788376
3146 0.860703 0.0585429
3151 0.859898 0.0665906
3156 0.859752 0.0647323
3161 0.861332 0.0892264
3166 0.862766 0.0634008
3171 0.861581 0.0660638
3176 0.861654 0.0725312
3181 0.861142 0.0565969
3186 0.860176 0.0603281
3191 0.860059 0.100054
3196 0.858142 0.0508172
3201 0.855347 0.037663
3206 0.854177 0.0485639
3211 0.852084 0.159958
3216 0.851865 0.0336977
3221 0.851719 0.0562603
3226 0.852553 0.0631959
3231 0.851675 0.0290739
3236 0.85087 0.13801
3241 0.850826 0.0350146
3246 0.850636 0.0484175
3251 0.850182 0.0402675
3256 0.851426 0.0350292
3261 0.85324 0.0707754
3266 0.852772 0.0463252
3271 0.852611 0.0241868
3276 0.852831 0.027201
3281 0.852333 0.0236601
3286 0.852231 0.0597867
3291 0.85128 0.0352633
3296 0.851514 0.0291325
3301 0.850694 0.0405016
3306 0.850577 0.0368289
3311 0.851309 0.194109
3316 0.850343 0.0565237
3321 0.85046 0.0298348
3326 0.849992 0.0638105
3331 0.849655 0.0621278
3336 0.852816 0.0982105
3341 0.851806 0.050744
3346 0.851133 0.0538021
3351 0.851104 0.0529389
3356 0.851309 0.0462666
3361 0.853152 0.149393
3366 0.852318 0.039492
3371 0.85185 0.0384385
3376 0.852538 0.0306396
3381 0.852655 0.0148662
3386 0.851967 0.0573577
3391 0.852245 0.0731165
3396 0.852157 0.018334
3401 0.851762 0.0637081
3406 0.851601 0.0380434
3411 0.853387 0.262148
3416 0.852772 0.142297
3421 0.852596 0.0887143
3426 0.85226 0.141741
3431 0.852231 0.126202
3436 0.855494 0.253632
3441 0.855318 0.210278
3446 0.85545 0.104912
3451 0.855318 0.14695
3456 0.85545 0.111438
3461 0.857513 0.348317
3466 0.856503 0.271996
3471 0.856562 0.16246
3476 0.856372 0.127489
3481 0.856196 0.214331
3486 0.85744 0.138112
3491 0.857337 0.0909384
3496 0.856825 0.135434
3501 0.856386 0.208917
3506 0.856313 0.146452
3511 0.855801 0.201791
3516 0.854674 0.247282
3521 0.854616 0.192807
3526 0.854177 0.161172
3531 0.854601 0.0716679
3536 0.856254 0.07079
3541 0.856489 0.260539
3546 0.855347 0.226563
3551 0.855245 0.165869
3556 0.855625 0.0984007
3561 0.855903 0.170464
3566 0.855596 0.197928
3571 0.855845 0.223461
3576 0.854879 0.211243
3581 0.855025 0.211551
3586 0.855157 0.145882
3591 0.855216 0.246214
3596 0.855596 0.166498
3601 0.855552 0.0402089
3606 0.855186 0.0357462
3611 0.855113 0.0755454
3616 0.855099 0.130138
3621 0.85741 0.242015
3626 0.857015 0.164611
3631 0.856489 0.114672
3636 0.856123 0.180823
3641 0.855918 0.12051
3646 0.853957 0.11552
3651 0.853665 0.16622
3656 0.853299 0.154134
3661 0.852772 0.080213
3666 0.852743 0.0841783
3671 0.856006 0.289218
3676 0.855713 0.101751
3681 0.855464 0.105088
3686 0.855069 0.124709
3691 0.855245 0.0481249
3696 0.854528 0.193553
3701 0.852494 0.0340488
3706 0.848046 0.0437645
3711 0.840554 0.0509782
3716 0.832229 0.0568602
3721 0.822732 0.0909237
3726 0.811729 0.0831248
3731 0.806344 0.0963669
3736 0.799365 0.110121
3741 0.793878 0.134732
3746 0.792064 0.191358
3751 0.790454 0.168664
3756 0.787571 0.183794
3761 0.787293 0.18432
3766 0.787162 0.0666784
3771 0.788186 0.240039
3776 0.789283 0.023704
3781 0.78902 0.0845149
3786 0.788435 0.149437
3791 0.787776 0.0181438
3796 0.789123 0.249609
3801 0.787879 0.105058
3806 0.787118 0.130094
3811 0.787513 0.0966595
3816 0.788508 0.0913773
3821 0.797668 0.299723
3826 0.796907 0.086856
3831 0.796921 0.111233
3836 0.796892 0.0383799
3841 0.797038 0.0222993
3846 0.796629 0.208127
3851 0.795765 0.123012
3856 0.795575 0.0332294
3861 0.794697 0.0183486
3866 0.795224 0.0238795
3871 0.798238 0.0896946
3876 0.797302 0.0704973
3881 0.796351 0.0763063
3886 0.796512 0.326998
3891 0.796307 0.161041
3896 0.7936 0.289949
3901 0.793673 0.0833589
3906 0.794346 0.0267621
3911 0.794478 0.016622
3916 0.795063 0.0236162
3921 0.797492 0.194811
3926 0.797858 0.138566
3931 0.797273 0.0388043
3936 0.796848 0.117788
3941 0.797024 0.144302
3946 0.79379 0.135742
3951 0.793761 0.0302152
3956 0.794858 0.0564798
3961 0.794873 0.0535241
3966 0.794756 0.038614
3971 0.797565 0.142487
3976 0.796717 0.0304494
3981 0.794975 0.0597428
3986 0.793761 0.0422428
3991 0.793893 0.0332148
3996 0.794083 0.106873
4001 0.793761 0.0456667
4006 0.793424 0.0330539
4011 0.793527 0.133474
4016 0.794551 0.0118081
4021 0.792971 0.117935
4026 0.793849 0.016344
4031 0.793805 0.0357023
4036 0.794434 0.0200313
4041 0.792985 0.121505
4046 0.7924 0.238532
4051 0.793936 0.14477
4056 0.793044 0.156168
4061 0.793454 0.0253867
4066 0.793658 0.0219189
4071 0.789796 0.120802
4076 0.791273 0.0142809
4081 0.791215 0.0138858
4086 0.791639 0.0169878
4091 0.792824 0.00819396
4096 0.794361 0.237815
4101 0.795034 0.0379702
4106 0.794902 0.057943
4111 0.794624 0.0739066
4116 0.794112 0.0939087
4121 0.79458 0.204439
4126 0.794171 0.0144711
4131 0.793878 0.17557
4136 0.793278 0.22908
4141 0.7918 0.248497
4146 0.788142 0.297631
4151 0.784704 0.252886
4156 0.783665 0.274659
4161 0.784455 0.23543
4166 0.785552 0.2595
4171 0.786225 0.289583
4176 0.785582 0.24857
4181 0.786211 0.230923
4186 0.787996 0.393559
4191 0.791537 0.280877
4196 0.795458 0.253925
4201 0.802043 0.395125
4206 0.805569 0.386389
4211 0.812344 0.542455
4216 0.830692 0.386448
4221 0.848777 0.512357
4226 0.860337 0.358647
4231 0.859474 0.416619
4236 0.857645 0.367865
4241 0.849948 0.511567
4246 0.829785 0.606309
4251 0.84449 0.631433
4256 0.832653 0.687942
4261 0.771769 0.543304
4266 0.737735 0.503665
4271 0.657639 0.388701
4276 0.665203 0.334182
4281 0.675139 0.418829
4286 0.700833 0.489223
4291 0.718142 0.52415
4296 0.668935 0.547576
4301 0.682864 0.646533
4306 0.732526 0.601203
4311 0.770818 0.574485
4316 0.795736 0.601408
4321 0.760766 0.595526
4326 0.734413 0.516468
4331 0.760824 0.480035
4336 0.75443 0.438889
4341 0.728868 0.537173
4346 0.69356 0.546728
4351 0.660624 0.527867
4356 0.598525 0.44341
4361 0.538987 0.403465
4366 0.517098 0.485843
4371 0.504938 0.389345
4376 0.561111 0.518473
4381 0.608358 0.476069
4386 0.585532 0.499085
4391 0.542279 0.545133
4396 0.464144 0.55179
4401 0.397612 0.52118
4406 0.367558 0.42692
4411 0.342025 0.455848
4416 0.285165 0.424886
4421 0.261724 0.290959
4426 0.28057 0.27719
4431 0.333758 0.311224
4436 0.411044 0.387267
4441 0.456667 0.487658
4446 0.38895 0.544591
4451 0.322652 0.447317
4456 0.287506 0.436665
4461 0.271571 0.331695
4466 0.321745 0.224324
4471 0.377639 0.245409
4476 0.496671 0.380434
4481 0.671364 0.586863
4486 0.71447 0.549449
4491 0.672724 0.480313
4496 0.604422 0.467275
4501 0.505099 0.463764
4506 0.444464 0.359598
4511 0.442664 0.344015
4516 0.53091 0.385292
4521 0.585737 0.527647
4526 0.698506 0.596228
4531 0.7731 0.483019
4536 0.794171 0.608285
4541 0.771944 0.468812
4546 0.750289 0.507367
4551 0.731633 0.455379
4556 0.749616 0.516366
4561 0.650235 0.499554
4566 0.58758 0.532549
4571 0.454604 0.430007
4576 0.364865 0.431383
4581 0.310566 0.37303
4586 0.270181 0.338367
4591 0.33585 0.430754
4596 0.44183 0.401241
4601 0.534627 0.432305
4606 0.591004 0.415507
4611 0.612045 0.409142
4616 0.55599 0.468461
4621 0.463969 0.294514
4626 0.355296 0.389477
4631 0.308034 0.307815
4636 0.27978 0.176507
4641 0.369197 0.226548
4646 0.427447 0.345024
4651 0.329573 0.392066
4656 0.27621 0.301421
4661 0.255052 0.256661
4666 0.348873 0.42913
4671 0.413239 0.426437
4676 0.40803 0.353174
4681 0.289583 0.242454
4686 0.198001 0.193773
4691 0.166762 0.0434134
4696 0.239088 0.418009
4701 0.293461 0.400846
4706 0.296592 0.351784
4711 0.283496 0.324232
4716 0.334255 0.286642
4721 0.381561 0.381239
4726 0.464481 0.49891
4731 0.500051 0.492223
4736 0.481 0.590829
4741 0.324408 0.487936
4746 0.172073 0.277439
4751 0.106375 0.202274
4756 0.074448 0.17838
4761 0.0210263 0.102439
4766 0.0030581 0.0366387
4771 0.00242892 0.020719
4776 0.00516512 0.0129933
4781 0.00617474 0.0157002
4786 0.00700876 0.0159197
4791 0.00629179 0.0168415
4796 0.00626253 0.0141638
4801 0.00491638 0.015671
4806 0.00371655 0.0130664
4811 0.00295568 0.0303616
4816 0.00299958 0.0177194
4821 0.000746236 0.0145589
4826 7.31604e-05 0.0111789
4831 1.46321e-05 0.132625
4836 0 0.0952402
4841 0 0.123714
4846 0 0.108351
4851 0 0.166689
4856 0 0.12566
4861 0 0.136825
4866 0 0.130006
4871 0 0.121329
4876 0 0.126758
4881 0 0.138741
4886 0 0.15551
4891 0 0.084866
4896 0 0.138317
4901 0 0.153973
4906 0 0.154354
4911 0 0.157324
4916 0 0.122866
4921 0 0.125441
4926 0.103888 0.0743163
4931 0.129391 0.169776
4936 0.129787 0.205083
4941 0.198601 0.258095
4946 0.128543 0.232606
4951 0.0171488 0.10699
4956 0 0.00785743
4961 0 0.120671
4966 0 0.147828
4971 0 0.149554
4976 0.0694292 0.0811056
4981 0.178497 0.249579
4986 0.185959 0.357023
4991 0.11372 0.242088
4996 0.0499978 0.176668
5001 0 0.0436475
5006 0 0.110779
5011 0 0.122529
5016 0 0.118695
5021 0 0.144667
5026 0.000278009 0.00981812
5031 0.0416575 0.0701169
5036 0.0339172 0.127811
5041 0.000380434 0.0603719
5046 0 0.0587332
5051 0 0.0438377
5056 0.0583527 0.0636642
5061 0.170976 0.186427
5066 0.235064 0.221691
5071 0.285545 0.255798
5076 0.311034 0.264475
5081 0.239908 0.274644
5086 0.219203 0.316506
5091 0.16802 0.188051
5096 0.0578699 0.0785157
5101 0.000102425 0.10162
5106 0 0.111262
5111 0 0.0830956
5116 0 0.121505
5121 0 0.100859
5126 0 0.0474226
5131 0 0.129684
5136 0 0.0858757
5141 0 0.100552
5146 0 0.121432
5151 0 0.120261
5156 0 0.0441889
5161 0 0.122017
5166 0 0.149993
5171 0 0.137381
5176 0 0.111657
5181 0 0.134425
5186 0 0.097991
5191 0 0.145677
5196 0 0.130416
5201 0 0.119442
5206 0 0.171664
5211 0 0.093499
5216 0 0.146072
5221 0 0.14714
5226 0 0.108219
5231 0 0.173244
5236 0 0.174605
5241 0 0.12607
5246 0 0.0706583
5251 0 0.168166
5256 0 0.0789254
5261 0 0.125514
5266 0.0120715 0.0128616
5271 0.117305 0.123173
5276 0.192895 0.203766
5281 0.158685 0.286584
5286 0.11634 0.21477
5291 0.07218 0.143321
5296 0.04454 0.0976252
5301 0.0531291 0.0610304
5306 0.140775 0.17102
5311 0.211785 0.23881
5316 0.20324 0.259968
5321 0.143526 0.217535
5326 0.100244 0.158773
5331 0.0684781 0.102849
5336 0.0264694 0.0653176
5341 0.0445547 0.0546654
5346 0.0835784 0.13722
5351 0.15071 0.230704
5356 0.119251 0.222686
5361 0.111453 0.162504
5366 0.115491 0.152174
5371 0.163894 0.195792
5376 0.233411 0.367646
5381 0.237757 0.412946
5386 0.190188 0.33146
5391 0.144258 0.239074
5396 0.109843 0.204235
5401 0.0849685 0.132186
5406 0.13043 0.150754
5411 0.161933 0.154822
5416 0.193699 0.194094
5421 0.225466 0.217462
5426 0.232562 0.217008
5431 0.264416 0.249623
5436 0.302869 0.286759
5441 0.353306 0.335192
5446 0.370938 0.427798
5451 0.370835 0.446981
5456 0.351302 0.46631
5461 0.347995 0.329807
5466 0.354901 0.340254
5471 0.370001 0.311327
5476 0.379351 0.278726
5481 0.406362 0.258007
5486 0.437587 0.230762
5491 0.451707 0.209136
5496 0.476552 0.201089
5501 0.496481 0.175556
5506 0.533383 0.197665
5511 0.56471 0.154164
5516 0.571163 0.146072
5521 0.587054 0.159329
5526 0.581713 0.189222
5531 0.598613 0.211287
5536 0.611372 0.207629
5541 0.628784 0.195777
5546 0.683976 0.0696779
5551 0.730243 0.0202947
5556 0.781104 0.123875
5561 0.821942 0.181482
5566 0.836135 0.214989
5571 0.838974 0.284477
5576 0.842017 0.331899
5581 0.844959 0.303352
5586 0.846612 0.30644
5591 0.855186 0.330714
5596 0.861771 0.147901
5601 0.847519 0.155802
5606 0.843656 0.161348
5611 0.836852 0.145443
5616 0.837043 0.174005
5621 0.840218 0.178555
5626 0.840101 0.165006
5631 0.837262 0.180794
5636 0.834219 0.0495442
5641 0.83375 0.023104
5646 0.834731 0.0747992
5651 0.835053 0.0624936
5656 0.826376 0.0611767
5661 0.820801 0.0572846
5666 0.819499 0.0662833
5671 0.818723 0.104707
5676 0.816587 0.095723
5681 0.816967 0.143175
5686 0.816133 0.0519585
5691 0.81568 0.179067
5696 0.819908 0.180545
5701 0.813075 0.168357
5706 0.805949 0.119573
5711 0.793732 0.0213043
5716 0.781982 0.0305079
5721 0.768886 0.168898
5726 0.767935 0.231728
5731 0.766809 0.103932
5736 0.764497 0.101634
