1 0.0615676 0.0951374
6 0.0716371 0.0850898
11 0.0850496 0.0529852
16 0.0910928 0.064169
21 0.0947976 0.0684109
26 0.101674 0.0734383
31 0.107509 0.071111
36 0.109993 0.107183
41 0.112602 0.0981187
46 0.115433 0.106782
51 0.118097 0.0918527
56 0.127768 0.0740448
61 0.133713 0.0613228
66 0.130753 0.0544759
71 0.129584 0.0518307
76 0.131973 0.0411437
81 0.136953 0.0529268
86 0.153431 0.080552
91 0.175375 0.0759082
96 0.181159 0.0903292
101 0.182533 0.0939353
106 0.178919 0.0966061
111 0.190359 0.0781589
116 0.20216 0.0907822
121 0.203304 0.127498
126 0.206804 0.135908
131 0.211853 0.147918
136 0.216084 0.162657
141 0.220165 0.157538
146 0.220395 0.1506
151 0.217779 0.125949
156 0.212931 0.127279
161 0.207556 0.127052
166 0.203954 0.126983
171 0.201192 0.120201
176 0.199836 0.112076
181 0.199223 0.10589
186 0.198393 0.0850021
191 0.19805 0.0834018
196 0.19878 0.0514763
201 0.198649 0.0248448
206 0.198981 0.020855
211 0.199387 0.0250421
216 0.198349 0.0281514
221 0.200074 0.0646002
226 0.199445 0.0261455
231 0.199336 0.0223823
236 0.200293 0.0269785
241 0.197966 0.0205372
246 0.197012 0.020402
251 0.196709 0.0171283
256 0.196186 0.0116332
261 0.196946 0.011045
266 0.196596 0.0255975
271 0.19566 0.0568398
276 0.198053 0.0174462
281 0.204433 0.0210085
286 0.212964 0.0225467
291 0.209785 0.0174279
296 0.20303 0.0270808
301 0.197761 0.0326088
306 0.195642 0.0250531
311 0.197067 0.0353856
316 0.197447 0.0441836
321 0.198042 0.0927113
326 0.198715 0.0618453
331 0.19859 0.0543553
336 0.198561 0.0293973
341 0.200746 0.0172854
346 0.203936 0.0267191
351 0.203903 0.0303582
356 0.203771 0.0295799
361 0.204305 0.0269201
366 0.204524 0.0258021
371 0.203512 0.0262369
376 0.202978 0.0245781
381 0.202544 0.0232737
386 0.208276 0.0349033
391 0.213304 0.0540777
396 0.218064 0.0694157
401 0.219836 0.0638146
406 0.227304 0.0518051
411 0.241272 0.0788129
416 0.264451 0.10642
421 0.27911 0.127428
426 0.298996 0.141769
431 0.316497 0.163347
436 0.331704 0.197809
441 0.337276 0.233004
446 0.343311 0.235693
451 0.352636 0.250816
456 0.358723 0.256409
461 0.363571 0.256059
466 0.364875 0.259866
471 0.368021 0.27527
476 0.367298 0.260881
481 0.366863 0.263881
486 0.367875 0.246994
491 0.368204 0.2452
496 0.367436 0.24592
501 0.376527 0.0145342
506 0.398357 0.0445343
511 0.416311 0.0686082
516 0.424631 0.0841143
521 0.445292 0.0879433
526 0.455668 0.0732739
531 0.46002 0.079339
536 0.463414 0.0834968
541 0.46679 0.0980128
546 0.465862 0.104882
551 0.461401 0.101747
556 0.459603 0.0974867
561 0.457963 0.102182
566 0.453878 0.232639
571 0.459366 0.0473257
576 0.465683 0.0286044
581 0.476593 0.0477349
586 0.485522 0.0587762
591 0.495475 0.0645819
596 0.520652 0.0876255
601 0.539512 0.0759119
606 0.552395 0.07878
611 0.577054 0.0915933
616 0.586031 0.0932594
621 0.597054 0.108528
626 0.600039 0.104516
631 0.60317 0.114089
636 0.605125 0.105791
641 0.604471 0.0708735
646 0.606374 0.096175
651 0.608745 0.0604423
656 0.610115 0.0697774
661 0.611997 0.0728282
666 0.614957 0.086544
671 0.616827 0.0946405
676 0.61937 0.0950204
681 0.621957 0.115689
686 0.62298 0.114063
691 0.622794 0.116771
696 0.626648 0.185649
701 0.62667 0.131546
706 0.627006 0.104816
711 0.629093 0.136632
716 0.631109 0.0723495
721 0.637405 0.154761
726 0.637445 0.122094
731 0.636919 0.0937928
736 0.638658 0.0998323
741 0.639736 0.0114359
746 0.646984 0.145518
751 0.648625 0.0102923
756 0.648921 0.0851592
761 0.650123 0.0691563
766 0.652176 0.030581
771 0.661424 0.0681515
776 0.661296 0.112335
781 0.662235 0.027797
786 0.66332 0.0163464
791 0.665216 0.0116624
796 0.658808 0.0208769
801 0.655684 0.0227476
806 0.653166 0.0301426
811 0.653868 0.0397846
816 0.669787 0.0661712
821 0.691559 0.125455
826 0.71955 0.0494668
831 0.73952 0.0274901
836 0.74564 0.025634
841 0.749294 0.023683
846 0.762078 0.0773441
851 0.764493 0.0237706
856 0.764833 0.0359154
861 0.766104 0.0227184
866 0.766247 0.0444466
871 0.765096 0.0627478
876 0.767829 0.0379103
881 0.766722 0.0451664
886 0.765673 0.0314323
891 0.766791 0.016931
896 0.766188 0.0306249
901 0.765655 0.0205518
906 0.758589 0.0899199
911 0.758611 0.0173402
916 0.761468 0.0110998
921 0.762235 0.0150713
926 0.762462 0.00609063
931 0.762451 0.10068
936 0.763046 0.0177494
941 0.762345 0.0157436
946 0.759648 0.0199562
951 0.758918 0.0254002
956 0.767149 0.070921
961 0.76643 0.0495946
966 0.766101 0.0350275
971 0.765878 0.0221557
976 0.765008 0.0227988
981 0.750244 0.0468471
986 0.747781 0.031067
991 0.753671 0.0202704
996 0.754731 0.0128755
1001 0.75609 0.0193424
1006 0.749674 0.0397261
1011 0.750792 0.0366899
1016 0.751548 0.0286117
1021 0.752948 0.0301572
1026 0.752564 0.0295215
1031 0.752118 0.0262186
1036 0.752155 0.0434784
1041 0.750814 0.041151
1046 0.75164 0.0324663
1051 0.752977 0.0321411
1056 0.75305 0.0370334
1061 0.74301 0.0661566
1066 0.741862 0.0251115
1071 0.740532 0.02555
1076 0.745213 0.0232409
1081 0.746608 0.027406
1086 0.753488 0.0864271
1091 0.753792 0.0245817
1096 0.753554 0.0242821
1101 0.753313 0.0285569
1106 0.751998 0.0273329
1111 0.752484 0.0750679
1116 0.751504 0.0388967
1121 0.750836 0.0304678
1126 0.749192 0.0316552
1131 0.753189 0.0417539
1136 0.747887 0.032459
1141 0.749868 0.0414251
1146 0.747427 0.0315639
1151 0.74298 0.0261784
1156 0.739579 0.0283158
1161 0.747606 0.0579286
1166 0.744844 0.0416078
1171 0.74484 0.0362405
1176 0.745297 0.042207
1181 0.746693 0.0352796
1186 0.76317 0.061279
1191 0.762597 0.0315018
1196 0.764416 0.0199964
1201 0.766123 0.0233468
1206 0.764446 0.0298686
1211 0.762089 0.089613
1216 0.761201 0.0239716
1221 0.758381 0.0266936
1226 0.758611 0.0449618
1231 0.759195 0.0307162
1236 0.755089 0.0482574
1241 0.752253 0.036193
1246 0.758746 0.0342274
1251 0.757171 0.0356815
1256 0.754022 0.0334126
1261 0.739137 0.0433213
1266 0.744424 0.0267447
1271 0.746956 0.0271649
1276 0.752462 0.0279285
1281 0.750748 0.0389662
1286 0.750185 0.0568252
1291 0.749447 0.0346695
1296 0.750036 0.0420279
1301 0.751844 0.0370699
1306 0.751793 0.0374828
1311 0.742268 0.0410487
1316 0.737529 0.0336355
1321 0.732999 0.031246
1326 0.728545 0.0239387
1331 0.72838 0.0200293
1336 0.729203 0.0886302
1341 0.727737 0.06129
1346 0.728684 0.0424517
1351 0.729371 0.0387543
1356 0.732641 0.041721
1361 0.729024 0.0587543
1366 0.730299 0.0411876
1371 0.733707 0.0458643
1376 0.734142 0.0276837
1381 0.734508 0.0338145
1386 0.72598 0.0365365
1391 0.728523 0.033387
1396 0.730708 0.0193643
1401 0.736228 0.0150238
1406 0.739338 0.0205956
1411 0.751914 0.0346549
1416 0.751735 0.0266826
1421 0.753028 0.0625249
1426 0.752268 0.107596
1431 0.753189 0.177191
