frame_number static_density dynamic_density
1 0.0700997 0.113026
6 0.073831 0.102164
11 0.0883802 0.125476
16 0.0944047 0.138931
21 0.0983918 0.130447
26 0.104992 0.0706221
31 0.110684 0.0695811
36 0.113224 0.0904991
41 0.115323 0.0916093
46 0.117381 0.101475
51 0.11899 0.0893726
56 0.129507 0.0869745
61 0.135078 0.0901505
66 0.127944 0.093242
71 0.12108 0.115777
76 0.125885 0.024378
81 0.134641 0.0403614
86 0.153744 0.0761162
91 0.173544 0.099194
96 0.182919 0.126931
101 0.185621 0.105319
106 0.179102 0.116332
111 0.18396 0.115643
116 0.194899 0.122827
121 0.197354 0.141613
126 0.199433 0.139296
131 0.203403 0.141156
136 0.210554 0.155757
141 0.216887 0.156487
146 0.21751 0.172814
151 0.215347 0.13584
156 0.211174 0.128778
161 0.205956 0.132185
166 0.202224 0.131128
171 0.199907 0.123807
176 0.198456 0.117219
181 0.197982 0.110335
186 0.197302 0.0942227
191 0.19639 0.0909042
196 0.196345 0.101264
201 0.196086 0.068787
206 0.196641 0.0577668
211 0.196637 0.0642573
216 0.19588 0.0843124
221 0.197865 0.125934
226 0.197022 0.0448991
231 0.197046 0.0297139
236 0.198246 0.0511021
241 0.195713 0.0323394
246 0.195073 0.063597
251 0.19464 0.0490235
256 0.194312 0.0746008
261 0.194644 0.0573738
266 0.194356 0.069261
271 0.192991 0.0858156
276 0.194753 0.024451
281 0.203351 0.0238473
286 0.213273 0.0413338
291 0.211466 0.0705373
296 0.206 0.103893
301 0.199955 0.0609188
306 0.19752 0.0596021
311 0.198537 0.0506726
316 0.197059 0.0515112
321 0.195454 0.126622
326 0.196033 0.111352
331 0.196216 0.092845
336 0.196098 0.0296208
341 0.197719 0.0183413
346 0.201564 0.0456527
351 0.201535 0.0417389
356 0.201183 0.0327648
361 0.200911 0.0443117
366 0.200041 0.0304919
371 0.197695 0.0410785
376 0.197107 0.0943888
381 0.196589 0.0616765
386 0.202127 0.0508873
391 0.2072 0.0694311
396 0.211871 0.130569
401 0.213706 0.105457
406 0.221554 0.0771615
411 0.237391 0.0552346
416 0.258415 0.108553
421 0.271668 0.14812
426 0.291553 0.144672
431 0.310429 0.164407
436 0.327145 0.233097
441 0.332939 0.258374
446 0.341281 0.260554
451 0.351613 0.275371
456 0.359261 0.280066
461 0.365967 0.280869
466 0.367434 0.284652
471 0.370692 0.298108
476 0.369439 0.274564
481 0.369168 0.284134
486 0.370667 0.266655
491 0.371218 0.269991
496 0.371951 0.268496
501 0.377858 0.182088
506 0.397431 0.100037
511 0.414986 0.0683657
516 0.424787 0.152597
521 0.447058 0.207824
526 0.461134 0.111936
531 0.468921 0.0976217
536 0.473061 0.164379
541 0.477761 0.116927
546 0.479512 0.133097
551 0.474625 0.10314
556 0.473426 0.0989994
561 0.47078 0.106082
566 0.465124 0.162535
571 0.466842 0.153659
576 0.472555 0.145981
581 0.481804 0.0530872
586 0.4896 0.0679321
591 0.498489 0.0708451
596 0.524629 0.100397
601 0.544166 0.0821203
606 0.555814 0.0845839
611 0.581578 0.0869744
616 0.591715 0.105032
621 0.607536 0.145353
626 0.610129 0.135524
631 0.615149 0.13934
636 0.618001 0.123232
641 0.61858 0.0822583
646 0.618232 0.105113
651 0.620505 0.111239
656 0.622028 0.0971599
661 0.623418 0.101438
666 0.625318 0.0913904
671 0.624666 0.111757
676 0.626238 0.10786
681 0.628977 0.108468
686 0.630171 0.110737
691 0.629738 0.10972
696 0.633745 0.178981
701 0.633823 0.17593
706 0.6349 0.106543
711 0.637092 0.121939
716 0.639182 0.120797
721 0.642711 0.178349
726 0.643817 0.133583
731 0.64357 0.127814
736 0.645292 0.126789
741 0.647423 0.0585811
746 0.651868 0.200992
751 0.653561 0.135131
756 0.654643 0.178815
761 0.655599 0.153537
766 0.65664 0.0550522
771 0.662994 0.1541
776 0.663066 0.148796
781 0.662037 0.103456
786 0.661336 0.0287173
791 0.662021 0.0226035
796 0.657361 0.116712
801 0.655068 0.06038
806 0.652338 0.0468884
811 0.653674 0.0679361
816 0.667073 0.0645409
821 0.69592 0.135557
826 0.739032 0.109635
831 0.757058 0.0513209
836 0.760696 0.102265
841 0.763317 0.0806943
846 0.775488 0.14417
851 0.776586 0.13913
856 0.775444 0.0885992
861 0.775759 0.11072
866 0.773714 0.122794
871 0.777636 0.138347
876 0.778183 0.141626
881 0.779726 0.116781
886 0.779512 0.125602
891 0.778977 0.0526133
896 0.772701 0.0462564
901 0.772429 0.053537
906 0.767535 0.186683
911 0.76653 0.107179
916 0.77029 0.0609067
921 0.770792 0.063366
926 0.771043 0.0327931
931 0.771899 0.174573
936 0.77185 0.0949921
941 0.770902 0.0868893
946 0.767101 0.0923912
951 0.766607 0.0940766
956 0.779714 0.137027
961 0.776133 0.152273
966 0.773479 0.0598087
971 0.77215 0.0289441
976 0.770112 0.0779558
981 0.760769 0.156843
986 0.755591 0.0783729
991 0.761425 0.0685398
996 0.762127 0.0212382
1001 0.762081 0.0243983
1006 0.759387 0.0515558
1011 0.752297 0.0652217
1016 0.752468 0.0969493
1021 0.753189 0.060149
1026 0.752698 0.0668584
1031 0.752188 0.082635
1036 0.758233 0.173381
1041 0.756572 0.0443359
1046 0.756393 0.0361437
1051 0.758156 0.0376348
1056 0.757993 0.0423142
1061 0.753123 0.066032
1066 0.752265 0.032623
1071 0.749988 0.026967
1076 0.750993 0.0335467
1081 0.752212 0.0302893
1086 0.757937 0.101321
1091 0.758253 0.0359128
1096 0.758257 0.0274734
1101 0.757151 0.0298841
1106 0.756028 0.030901
1111 0.757674 0.0555182
1116 0.756316 0.0423507
1121 0.754157 0.0354591
1126 0.755466 0.0315412
1131 0.758767 0.0354023
1136 0.761891 0.0712098
1141 0.76525 0.0568552
1146 0.763954 0.0446803
1151 0.75839 0.0378251
1156 0.75615 0.0362613
1161 0.754802 0.0752938
1166 0.753447 0.0461996
1171 0.755737 0.0438133
1176 0.753821 0.0497609
1181 0.756024 0.040098
1186 0.766227 0.13981
1191 0.766068 0.0864678
1196 0.766911 0.124941
1201 0.76935 0.115177
1206 0.768823 0.0602464
1211 0.770987 0.167677
1216 0.770067 0.0645449
1221 0.76657 0.129535
1226 0.76653 0.0518273
1231 0.766846 0.0284944
1236 0.758472 0.0475326
1241 0.756531 0.031606
1246 0.761976 0.0281906
1251 0.760076 0.0307835
1256 0.755016 0.0284053
1261 0.755077 0.0674377
1266 0.7544 0.0578843
1271 0.754165 0.0789521
1276 0.752796 0.0477109
1281 0.752852 0.0362288
1286 0.749732 0.0611782
1291 0.749019 0.0327243
1296 0.750741 0.0431853
1301 0.751297 0.0379629
1306 0.752431 0.0379426
1311 0.742626 0.0672393
1316 0.737205 0.0409286
1321 0.73272 0.0296288
1326 0.727121 0.071919
1331 0.72625 0.0487562
1336 0.72896 0.131906
1341 0.72629 0.0765823
1346 0.728632 0.0594482
1351 0.727437 0.0678875
1356 0.730058 0.0823799
1361 0.725833 0.175136
1366 0.727635 0.0616684
1371 0.732534 0.053456
1376 0.732546 0.0467871
1381 0.731622 0.0409975
1386 0.731026 0.0792277
1391 0.731764 0.0393971
1396 0.733737 0.0301677
1401 0.735678 0.0712826
1406 0.738319 0.0801233
1411 0.755336 0.0828701
1416 0.755122 0.0957457
1421 0.755911 0.115671
1426 0.755109 0.157422
1431 0.754971 0.181772
1436 0.76068 0.174419
1441 0.760242 0.260964
1446 0.763192 0.287238
1451 0.766328 0.19541
1456 0.771713 0.371955
1461 0.791285 0.376153
1466 0.792623 0.379754
1471 0.798776 0.474038
1476 0.804906 0.432449
1481 0.806912 0.371635
1486 0.823653 0.271935
1491 0.828819 0.404028
1496 0.831642 0.481339
1501 0.834957 0.371137
1506 0.838194 0.520565
1511 0.847573 0.653666
1516 0.8449 0.622944
1521 0.846686 0.556442
1526 0.828632 0.54101
1531 0.822924 0.607621
1536 0.808277 0.614926
1541 0.803294 0.619589
1546 0.794319 0.626557
1551 0.772705 0.638854
1556 0.761312 0.632505
1561 0.752123 0.663362
1566 0.757568 0.667442
1571 0.753419 0.675508
1576 0.755166 0.679617
1581 0.773499 0.63635
1586 0.773896 0.512632
1591 0.759408 0.588027
1596 0.756231 0.668292
1601 0.75115 0.683032
1606 0.74654 0.666611
1611 0.750583 0.722733
1616 0.737691 0.679993
1621 0.707499 0.644263
1626 0.703578 0.683044
1631 0.717402 0.657138
1636 0.716161 0.646361
1641 0.726222 0.579009
1646 0.722409 0.616818
1651 0.706147 0.617714
1656 0.712049 0.6249
1661 0.722624 0.589231
1666 0.735058 0.521234
1671 0.753877 0.560643
1676 0.749064 0.611676
1681 0.724483 0.596528
1686 0.702399 0.565169
1691 0.707807 0.570692
1696 0.715217 0.435832
1701 0.7201 0.671838
1706 0.723123 0.584908
1711 0.69419 0.580419
1716 0.678559 0.572357
1721 0.663864 0.591043
1726 0.650466 0.542485
1731 0.608176 0.498882
1736 0.525298 0.56162
1741 0.486152 0.540398
1746 0.452358 0.533632
1751 0.401154 0.544729
1756 0.37676 0.48108
1761 0.368192 0.520805
1766 0.365773 0.532307
1771 0.375063 0.517791
1776 0.383518 0.530966
1781 0.374054 0.516628
1786 0.362932 0.366494
1791 0.339547 0.456559
1796 0.31841 0.436104
1801 0.323138 0.443898
1806 0.322433 0.480459
1811 0.310935 0.469204
1816 0.298635 0.484357
1821 0.291318 0.466571
1826 0.278166 0.48458
1831 0.262961 0.484762
1836 0.253375 0.432571
1841 0.235078 0.422891
1846 0.210291 0.430241
1851 0.182363 0.378024
1856 0.160927 0.287793
1861 0.151754 0.276137
1866 0.140207 0.260862
1871 0.161603 0.259063
1876 0.185386 0.329629
1881 0.216392 0.366162
1886 0.236035 0.387651
1891 0.272028 0.401863
1896 0.290839 0.428442
1901 0.303257 0.447533
1906 0.371117 0.434843
1911 0.374973 0.501207
1916 0.370627 0.444288
1921 0.35767 0.451102
1926 0.339142 0.441759
1931 0.315233 0.340994
1936 0.272125 0.217069
1941 0.2582 0.284175
1946 0.240665 0.233478
1951 0.188672 0.275059
1956 0.140779 0.187781
1961 0.101884 0.175124
1966 0.0671947 0.0966694
1971 0.0288388 0.0429949
1976 0.00645408 0.0253343
1981 0.0073738 0.0257272
1986 0.00645813 0.0369703
1991 0.00709423 0.0188153
1996 0.00654728 0.0554088
2001 0.0161211 0.0277693
2006 0.076975 0.0547848
2011 0.148023 0.133417
2016 0.210319 0.209059
2021 0.245993 0.221445
2026 0.289968 0.296147
2031 0.316332 0.358553
2036 0.293813 0.338173
2041 0.279556 0.316308
2046 0.237043 0.34838
2051 0.218495 0.297788
2056 0.169034 0.277316
2061 0.113601 0.202682
2066 0.0770966 0.14105
2071 0.0625879 0.0757474
2076 0.0394052 0.0643059
2081 0.0153027 0.0258974
2086 0.0122924 0.0392027
2091 0.0104651 0.0227169
2096 0.0100802 0.0162588
2101 0.0270804 0.0419374
2106 0.0597966 0.0620817
2111 0.103849 0.0861925
2116 0.161677 0.107755
2121 0.213058 0.145414
2126 0.27078 0.199741
2131 0.325987 0.219678
2136 0.340718 0.256604
2141 0.339981 0.259481
2146 0.332745 0.270387
2151 0.317742 0.294125
2156 0.296872 0.301106
2161 0.287355 0.313783
2166 0.278576 0.258609
2171 0.257398 0.199635
2176 0.212163 0.235403
2181 0.156547 0.290422
2186 0.111203 0.175557
2191 0.0735354 0.140556
2196 0.0429868 0.118013
2201 0.021072 0.0882708
2206 0.0124747 0.0835873
2211 0.00595173 0.0633134
2216 0.0013208 0.0257313
2221 0.00116279 0.0386071
2226 0.0014383 0.0626489
2231 0.00194879 0.0390811
2236 0.00166923 0.0426141
2241 0.00209464 0.0380642
2246 0.00168949 0.0411393
2251 0.00290495 0.0699012
2256 0.00375577 0.0887245
2261 0.00441617 0.061247
2266 0.00962644 0.0295438
2271 0.0401629 0.0728345
2276 0.0624466 0.133611
2281 0.0752289 0.166664
2286 0.0837573 0.169691
2291 0.0881655 0.166668
2296 0.0895917 0.194364
2301 0.101191 0.203205
2306 0.105215 0.220087
2311 0.0915932 0.222834
2316 0.0730125 0.186228
2321 0.0553561 0.169232
2326 0.0486306 0.173013
2331 0.044182 0.134827
2336 0.0300705 0.094652
2341 0.0245158 0.10316
2346 0.0177417 0.114752
2351 0.0143222 0.0693787
2356 0.0114051 0.054878
2361 0.00980875 0.0500406
2366 0.0133741 0.0458594
2371 0.0137306 0.0573576
2376 0.0148043 0.0860305
2381 0.0126854 0.080192
2386 0.0376671 0.0771574
2391 0.0595898 0.096378
2396 0.0679971 0.123742
2401 0.0686613 0.155053
2406 0.0745238 0.147379
2411 0.07798 0.135423
2416 0.0599464 0.166822
2421 0.0415242 0.145588
2426 0.0192083 0.114755
2431 0.00369095 0.0154485
2436 0.0277044 0.138972
2441 0.0370837 0.116579
2446 0.0449518 0.103006
2451 0.0503241 0.117369
2456 0.0504214 0.0982496
2461 0.0584392 0.150365
2466 0.0399968 0.0963009
2471 0.020991 0.0839359
2476 0.0112551 0.0401548
2481 0.00826512 0.0380034
2486 0.0108581 0.138076
2491 0.013366 0.0439591
2496 0.0146828 0.0518556
2501 0.0165829 0.0446925
2506 0.0182967 0.0902198
2511 0.0349972 0.0576493
2516 0.0538813 0.109063
2521 0.0587634 0.139883
2526 0.0652786 0.147711
2531 0.072409 0.161741
2536 0.0784337 0.178041
2541 0.0830807 0.177834
2546 0.0850822 0.258079
2551 0.0743172 0.264646
2556 0.0582491 0.195009
2561 0.0336723 0.112272
2566 0.00939147 0.0726805
2571 0.00055911 0.0526578
2576 0.000522648 0.0707358
2581 0.000542906 0.0948746
2586 0.000729278 0.109724
2591 0.000603678 0.0720363
2596 0.000660398 0.0834454
2601 0.000530751 0.0517462
2606 0.000530751 0.0980717
2611 0.000822463 0.135921
2616 0.000672553 0.0443887
2621 0.00068471 0.0851796
2626 0.0123329 0.0464103
2631 0.0302244 0.070521
2636 0.0386597 0.148055
2641 0.0710277 0.148092
2646 0.112722 0.181083
2651 0.14116 0.233052
2656 0.1582 0.307921
2661 0.178555 0.327696
2666 0.165704 0.350616
2671 0.154744 0.334483
2676 0.162714 0.338238
2681 0.148728 0.298914
2686 0.13142 0.244579
2691 0.113873 0.206848
2696 0.0929787 0.164233
2701 0.0647921 0.11843
2706 0.0436634 0.0814804
2711 0.0419739 0.066583
2716 0.0452516 0.0756867
2721 0.0440523 0.0728586
2726 0.0461794 0.0718824
2731 0.0655214 0.0876387
2736 0.0783729 0.116737
2741 0.0852605 0.134989
2746 0.088421 0.151686
2751 0.0955799 0.158864
2756 0.0990519 0.166295
2761 0.102281 0.181619
2766 0.106681 0.132761
2771 0.107726 0.148083
2776 0.10991 0.151001
2781 0.114051 0.152488
2786 0.117571 0.165866
2791 0.118977 0.176473
2796 0.118694 0.166178
2801 0.120343 0.155672
2806 0.121789 0.138874
2811 0.120975 0.113718
2816 0.123231 0.0998744
2821 0.124086 0.0520987
2826 0.123969 0.0822016
2831 0.123722 0.08838
2836 0.124642 0.0749251
2841 0.125132 0.0633295
2846 0.12405 0.0584312
2851 0.130998 0.0379912
2856 0.135236 0.0527632
2861 0.125448 0.0585042
2866 0.125488 0.0408759
2871 0.127951 0.080743
2876 0.127064 0.0664695
2881 0.13016 0.0463738
2886 0.134073 0.0890242
2891 0.137967 0.0668179
2896 0.135601 0.0603274
2901 0.137133 0.0597035
2906 0.136427 0.058492
2911 0.137979 0.0802001
2916 0.138307 0.0637671
2921 0.137209 0.0702658
2926 0.137643 0.0605624
2931 0.140673 0.060927
2936 0.143424 0.0904099
2941 0.148865 0.076181
2946 0.165979 0.0937365
2951 0.188052 0.0762459
2956 0.211709 0.0963538
2961 0.241305 0.187699
2966 0.265201 0.151292
2971 0.295891 0.157021
2976 0.32452 0.180658
2981 0.342031 0.197099
2986 0.378219 0.225675
2991 0.396191 0.226687
2996 0.42313 0.26269
3001 0.466737 0.291318
3006 0.50335 0.31918
3011 0.553496 0.333761
3016 0.590759 0.364091
3021 0.622263 0.33911
3026 0.640982 0.287586
3031 0.663755 0.220379
3036 0.69447 0.188526
3041 0.671867 0.172506
3046 0.651657 0.151422
3051 0.64652 0.143262
3056 0.64007 0.138311
3061 0.649984 0.178718
3066 0.653898 0.125067
3071 0.660764 0.204011
3076 0.658614 0.16794
3081 0.660299 0.155859
3086 0.684134 0.169792
3091 0.681808 0.205308
3096 0.675711 0.228093
3101 0.66982 0.152314
3106 0.665931 0.151661
3111 0.660644 0.149141
3116 0.658014 0.139681
3121 0.655693 0.103825
3126 0.657734 0.12292
3131 0.664233 0.12371
3136 0.671096 0.0641196
3141 0.67025 0.0749898
3146 0.666125 0.0629769
3151 0.663508 0.0884816
3156 0.662406 0.0825137
3161 0.661474 0.137384
3166 0.660858 0.0950128
3171 0.658297 0.0784783
3176 0.656826 0.097099
3181 0.661247 0.102398
3186 0.670047 0.1444
3191 0.666243 0.106539
3196 0.665813 0.126679
3201 0.663771 0.116222
3206 0.661883 0.0976419
3211 0.658399 0.143817
3216 0.661126 0.0917593
3221 0.659562 0.0540272
3226 0.65869 0.0220687
3231 0.655944 0.0332753
3236 0.655296 0.108698
3241 0.653601 0.0327648
3246 0.652245 0.0387732
3251 0.651333 0.030743
3256 0.649959 0.0307228
3261 0.650883 0.0651446
3266 0.651771 0.0307511
3271 0.653408 0.0282595
3276 0.65579 0.020833
3281 0.659145 0.0230047
3286 0.675622 0.0596913
3291 0.673815 0.0169638
3296 0.675063 0.0182522
3301 0.671012 0.0348432
3306 0.670655 0.0379142
3311 0.670566 0.0920349
3316 0.667191 0.0594442
3321 0.665428 0.0476866
3326 0.66448 0.0710355
3331 0.661786 0.0548618
3336 0.650304 0.0935865
3341 0.649109 0.0661375
3346 0.647768 0.0585973
3351 0.645544 0.0584961
3356 0.646698 0.0585001
3361 0.654489 0.0912852
3366 0.65203 0.0568593
3371 0.648772 0.0595008
3376 0.649716 0.0345556
3381 0.650461 0.0287092
3386 0.651609 0.0999799
3391 0.65188 0.0570415
3396 0.65374 0.0416579
3401 0.656328 0.0350823
3406 0.657584 0.0230208
3411 0.651738 0.144623
3416 0.649574 0.0659671
3421 0.647853 0.0683211
3426 0.647306 0.075549
3431 0.647946 0.0980675
3436 0.688178 0.205915
3441 0.690215 0.0988577
3446 0.702974 0.0326432
3451 0.709128 0.0273722
3456 0.710554 0.05267
3461 0.706543 0.156632
3466 0.706726 0.0596508
3471 0.704574 0.0734339
3476 0.705875 0.0380075
3481 0.709197 0.0691556
3486 0.707338 0.078697
3491 0.709703 0.0676811
3496 0.715732 0.118726
3501 0.715554 0.112418
3506 0.718585 0.0659064
3511 0.72247 0.16369
3516 0.724544 0.0898345
3521 0.725675 0.0940359
3526 0.725569 0.14707
3531 0.724836 0.0775262
3536 0.715826 0.193173
3541 0.717223 0.128102
3546 0.71634 0.0983386
3551 0.717094 0.0620736
3556 0.718357 0.052678
3561 0.705786 0.0992666
3566 0.706252 0.055814
3571 0.709148 0.0903533
3576 0.711689 0.0783122
3581 0.711345 0.101596
3586 0.709821 0.124414
3591 0.712965 0.0722065
3596 0.706126 0.111616
3601 0.7072 0.0239243
3606 0.706794 0.047877
3611 0.705984 0.0552102
3616 0.707095 0.0928329
3621 0.701443 0.110315
3626 0.70425 0.0642857
3631 0.702362 0.0711328
3636 0.708143 0.0419375
3641 0.713386 0.0297099
3646 0.71089 0.0805934
3651 0.713763 0.12313
3656 0.716502 0.0792561
3661 0.716842 0.0805082
3666 0.720286 0.0606231
3671 0.712519 0.0981726
3676 0.71662 0.0699619
3681 0.716721 0.0337128
3686 0.716218 0.0301556
3691 0.715651 0.0304918
3696 0.707609 0.0604652
3701 0.705636 0.079653
3706 0.703991 0.0819018
3711 0.702913 0.0728304
3716 0.703788 0.0865285
3721 0.694056 0.142675
3726 0.690434 0.0852202
3731 0.689912 0.100044
3736 0.689425 0.0696416
3741 0.692756 0.0815859
3746 0.685431 0.115072
3751 0.684819 0.0983551
3756 0.684811 0.10109
3761 0.682594 0.106223
3766 0.680565 0.0493396
3771 0.678167 0.0856535
3776 0.682668 0.0436756
3781 0.682578 0.0539787
3786 0.678948 0.0432704
3791 0.678972 0.0400129
3796 0.671218 0.102382
3801 0.668151 0.080593
3806 0.665376 0.0863707
3811 0.699441 0.0829995
3816 0.737711 0.0997
3821 0.788441 0.163998
3826 0.791674 0.0324447
3831 0.794834 0.0278786
3836 0.797022 0.0514667
3841 0.797435 0.0361154
3846 0.798238 0.0599911
3851 0.797581 0.0939593
3856 0.795482 0.0410258
3861 0.794676 0.0268739
3866 0.794932 0.0490884
3871 0.79398 0.0674378
3876 0.794822 0.0602261
3881 0.795494 0.0410502
3886 0.794936 0.0412162
3891 0.794344 0.0213637
3896 0.792192 0.0582044
3901 0.792375 0.0471518
3906 0.792452 0.0535694
3911 0.791848 0.0391378
3916 0.791265 0.0391743
3921 0.790832 0.0819423
3926 0.791849 0.0332874
3931 0.790807 0.0452232
3936 0.791873 0.0804232
3941 0.792793 0.0403654
3946 0.792999 0.11461
3951 0.792468 0.0583745
3956 0.792987 0.118974
3961 0.793473 0.0646909
3966 0.792662 0.0296856
3971 0.79701 0.07296
3976 0.79652 0.0899115
3981 0.794612 0.0183494
3986 0.791241 0.0242605
3991 0.794352 0.0248157
3996 0.794972 0.0377603
4001 0.794879 0.0985091
4006 0.793226 0.0485698
4011 0.793246 0.106312
4016 0.794388 0.0319585
4021 0.795729 0.063836
4026 0.795794 0.020837
4031 0.795167 0.0293817
4036 0.795345 0.0696054
4041 0.795661 0.0552791
4046 0.781391 0.15523
4051 0.783158 0.0617697
4056 0.78377 0.0766794
4061 0.784081 0.0837006
4066 0.788685 0.0259136
4071 0.793861 0.0960257
4076 0.794028 0.10564
4081 0.79389 0.0637428
4086 0.793926 0.0655822
4091 0.793444 0.0354023
4096 0.795175 0.110441
4101 0.79387 0.119006
4106 0.791532 0.156203
4111 0.793262 0.0756624
4116 0.793845 0.0181306
4121 0.793841 0.139231
4126 0.792991 0.023665
4131 0.792788 0.119163
4136 0.790548 0.21386
4141 0.789474 0.224791
4146 0.787315 0.254756
4151 0.786071 0.234868
4156 0.784041 0.273235
4161 0.783474 0.289037
4166 0.78588 0.264022
4171 0.794186 0.337055
4176 0.790973 0.315068
4181 0.795179 0.223945
4186 0.800952 0.17529
4191 0.806324 0.287691
4196 0.804546 0.264829
4201 0.806616 0.354785
4206 0.805348 0.393736
4211 0.808204 0.41615
4216 0.815424 0.545106
4221 0.816368 0.620817
4226 0.822462 0.56337
4231 0.833542 0.513022
4236 0.84336 0.560619
4241 0.847687 0.562722
4246 0.834709 0.564423
4251 0.805571 0.608857
4256 0.756884 0.559497
4261 0.721113 0.589248
4266 0.726906 0.612081
4271 0.735617 0.623807
4276 0.75436 0.546783
4281 0.765352 0.576274
4286 0.760547 0.646334
4291 0.75645 0.609472
4296 0.7088 0.626688
4301 0.708958 0.640439
4306 0.694733 0.69487
4311 0.691909 0.701778
4316 0.698399 0.748399
4321 0.65933 0.738688
4326 0.638547 0.656029
4331 0.611932 0.697014
4336 0.607301 0.729029
4341 0.604444 0.675933
4346 0.606186 0.706244
4351 0.616575 0.692233
4356 0.613136 0.70203
4361 0.609935 0.68806
4366 0.607001 0.65835
4371 0.59878 0.575589
4376 0.595361 0.605725
4381 0.589762 0.539543
4386 0.587959 0.383684
4391 0.575812 0.533308
4396 0.55081 0.612786
4401 0.516919 0.586363
4406 0.485649 0.546893
4411 0.459934 0.55325
4416 0.464452 0.596835
4421 0.496248 0.574804
4426 0.508622 0.581286
4431 0.484158 0.615339
4436 0.46937 0.541411
4441 0.459294 0.61587
4446 0.475679 0.623697
4451 0.485009 0.618422
4456 0.486497 0.640645
4461 0.47783 0.593558
4466 0.477023 0.592403
4471 0.496889 0.597828
4476 0.512985 0.605725
4481 0.488202 0.494069
4486 0.458204 0.453315
4491 0.441666 0.545993
4496 0.446139 0.489502
4501 0.482254 0.436205
4506 0.537193 0.499559
4511 0.60677 0.54054
4516 0.660895 0.547752
4521 0.671717 0.529179
4526 0.715785 0.523102
4531 0.766636 0.531679
4536 0.78125 0.558877
4541 0.763058 0.579114
4546 0.733113 0.531788
4551 0.71106 0.570205
4556 0.697269 0.609975
4561 0.598696 0.638736
4566 0.554696 0.5767
4571 0.536735 0.593579
4576 0.523134 0.599069
4581 0.493105 0.602216
4586 0.476019 0.573127
4591 0.471121 0.55619
4596 0.504711 0.561953
4601 0.493343 0.569565
4606 0.488935 0.506709
4611 0.480002 0.528818
4616 0.449351 0.459995
4621 0.430038 0.494802
4626 0.369265 0.460534
4631 0.364492 0.462953
4636 0.381699 0.498319
4641 0.408245 0.496807
4646 0.427895 0.528061
4651 0.446962 0.558504
4656 0.45444 0.542347
4661 0.434807 0.506936
4666 0.416652 0.454903
4671 0.391354 0.450348
4676 0.324945 0.39118
4681 0.273863 0.406219
4686 0.249603 0.379998
4691 0.275849 0.27806
4696 0.280277 0.385609
4701 0.290536 0.404327
4706 0.296261 0.400041
4711 0.313362 0.490301
4716 0.348959 0.462191
4721 0.406264 0.476436
4726 0.417369 0.474876
4731 0.41104 0.498371
4736 0.3994 0.554509
4741 0.371011 0.482931
4746 0.34361 0.462993
4751 0.303213 0.385114
4756 0.25737 0.372583
4761 0.220091 0.354214
4766 0.177036 0.320132
4771 0.149153 0.286168
4776 0.115428 0.248262
4781 0.0807185 0.248274
4786 0.0494976 0.198979
4791 0.021303 0.124248
4796 0.00363828 0.051414
4801 0.000299814 0.0331699
4806 0.000214731 0.129078
4811 0.000145855 0.0911839
4816 9.31855e-05 0.150818
4821 0.000202577 0.0833116
4826 0.000117495 0.038599
4831 4.86184e-05 0.112977
4836 0.000640145 0.120792
4841 0.00102909 0.0556357
4846 0.00134106 0.0613565
4851 0.00140993 0.0409407
4856 0.00178268 0.0407949
4861 0.00174621 0.0660442
4866 0.00097237 0.0449153
4871 0.000595575 0.0522972
4876 0.000700915 0.0808485
4881 0.000542905 0.0572642
4886 0.000534805 0.097788
4891 0.00050644 0.0290211
4896 0.00136942 0.00418119
4901 0.00479702 0.00993437
4906 0.00827322 0.0485009
4911 0.00468357 0.0773076
4916 0.00153148 0.0654406
4921 0.0275545 0.132019
4926 0.0406733 0.1302
4931 0.0763878 0.109975
4936 0.0918887 0.184774
4941 0.100895 0.181189
4946 0.112592 0.200956
4951 0.10707 0.201308
4956 0.0931571 0.210732
4961 0.085925 0.207536
4966 0.0633497 0.155968
4971 0.0653877 0.129754
4976 0.0762661 0.145567
4981 0.0745562 0.176938
4986 0.0804878 0.20235
4991 0.0855685 0.196021
4996 0.0919942 0.194555
5001 0.0931855 0.184949
5006 0.0847055 0.20799
5011 0.0724655 0.203367
5016 0.0475732 0.148246
5021 0.0264646 0.0996719
5026 0.0163722 0.0538692
5031 0.0107528 0.0420063
5036 0.0127502 0.0432826
5041 0.0148853 0.0398672
5046 0.0242323 0.0841302
5051 0.0532291 0.0849566
5056 0.0916743 0.0871405
5061 0.133012 0.115015
5066 0.172101 0.161073
5071 0.208293 0.222653
5076 0.231435 0.21662
5081 0.222422 0.241909
5086 0.199895 0.222142
5091 0.170476 0.207224
5096 0.155158 0.21681
5101 0.127518 0.210854
5106 0.0946315 0.213641
5111 0.0774895 0.200288
5116 0.0607205 0.182939
5121 0.0351268 0.10726
5126 0.0055506 0.0411636
5131 0.00167734 0.106628
5136 0.000251195 0.0828864
5141 0.000121546 0.130832
5146 7.6979e-05 0.136046
5151 5.67215e-05 0.0798274
5156 5.67215e-05 0.0821692
5161 0.000234989 0.130245
5166 0.000117495 0.102184
5171 4.86184e-05 0.108342
5176 5.267e-05 0.112393
5181 5.67215e-05 0.13195
5186 0.000101289 0.126189
5191 4.45669e-05 0.141249
5196 2.43092e-05 0.116745
5201 0 0.109809
5206 0 0.0990316
5211 0 0.0913905
5216 0 0.0603517
5221 0.000133701 0.158083
5226 6.8876e-05 0.107828
5231 5.267e-05 0.0794585
5236 4.05153e-05 0.138797
5241 3.64638e-05 0.122697
5246 6.0773e-05 0.10536
5251 9.7237e-05 0.137623
5256 0.00876346 0.072976
5261 0.0343894 0.11758
5266 0.04575 0.13142
5271 0.0531965 0.161968
5276 0.058111 0.0907258
5281 0.0620897 0.0993113
5286 2.02577e-05 0.0810996
5291 0.0916377 0.116177
5296 0.125075 0.17168
5301 0.145482 0.211129
5306 0.16369 0.235018
5311 0.173049 0.216713
5316 0.173608 0.211567
5321 0.166069 0.109059
5326 0.158439 0.0890931
5331 0.167361 0.116239
5336 0.176582 0.123831
5341 0.182979 0.14306
5346 0.19105 0.139798
5351 0.199785 0.164557
5356 0.225679 0.200296
5361 0.2472 0.192631
5366 0.248768 0.208853
5371 0.245652 0.213905
5376 0.249871 0.193619
5381 0.254825 0.193566
5386 0.26732 0.200709
5391 0.287407 0.230565
5396 0.298723 0.259833
5401 0.296706 0.242538
5406 0.291371 0.221218
5411 0.297451 0.211709
5416 0.302228 0.180755
5421 0.328811 0.204992
5426 0.344907 0.175699
5431 0.356896 0.178025
5436 0.369629 0.211226
5441 0.390195 0.21348
5446 0.402807 0.26051
5451 0.413657 0.256097
5456 0.412037 0.224654
5461 0.407832 0.198699
5466 0.402824 0.189414
5471 0.4025 0.197512
5476 0.4003 0.162596
5481 0.417734 0.14658
5486 0.4437 0.133352
5491 0.467057 0.134584
5496 0.490297 0.159092
5501 0.504485 0.173398
5506 0.522697 0.152564
5511 0.535977 0.153229
5516 0.540312 0.176991
5521 0.552609 0.215862
5526 0.566312 0.143607
5531 0.600397 0.074828
5536 0.621392 0.0957661
5541 0.637587 0.10989
5546 0.653821 0.147971
5551 0.661717 0.164909
5556 0.672835 0.198927
5561 0.685585 0.150142
5566 0.691135 0.142618
5571 0.690422 0.210522
5576 0.69088 0.238539
5581 0.691626 0.237103
5586 0.690539 0.231639
5591 0.695843 0.197642
5596 0.703314 0.180346
5601 0.699441 0.120987
5606 0.699923 0.119026
5611 0.69987 0.0853539
5616 0.699177 0.0717162
5621 0.709246 0.100134
5626 0.709569 0.112017
5631 0.70521 0.110497
5636 0.701961 0.0767038
5641 0.714529 0.0853458
5646 0.78644 0.178989
5651 0.790612 0.076894
5656 0.786249 0.161255
5661 0.783259 0.145588
5666 0.783988 0.109764
5671 0.78445 0.133076
5676 0.78552 0.0668502
5681 0.785949 0.048817
5686 0.784179 0.0669192
5691 0.784811 0.0701359
5696 0.785249 0.111324
5701 0.783931 0.0893322
5706 0.781764 0.0756421
5711 0.778013 0.0542744
5716 0.774354 0.0964346
5721 0.770371 0.19524
5726 0.770233 0.0971113
5731 0.770327 0.050944
5736 0.769848 0.0581922
