frame_number static_density dynamic_density
1 0.203422 0.120242
6 0.206113 0.127074
11 0.218594 0.115312
16 0.220172 0.078028
21 0.220051 0.077131
26 0.224987 0.0838168
31 0.23014 0.0853562
36 0.23131 0.0841412
41 0.235592 0.090827
46 0.238569 0.111298
51 0.24035 0.100515
56 0.250719 0.0857824
61 0.259669 0.0886896
66 0.255929 0.0368766
71 0.243709 0.0167366
76 0.247449 0.0218066
81 0.258308 0.0327672
86 0.28145 0.0673537
91 0.304084 0.0858015
96 0.310706 0.12514
101 0.312392 0.109332
106 0.30605 0.0999555
111 0.301756 0.100598
116 0.311228 0.107888
121 0.311934 0.149866
126 0.309962 0.14236
131 0.311997 0.141743
136 0.315954 0.153721
141 0.31909 0.168359
146 0.317843 0.189402
151 0.316253 0.122716
156 0.31138 0.154408
161 0.306323 0.153244
166 0.303537 0.149135
171 0.300274 0.150331
176 0.297945 0.135808
181 0.298969 0.121559
186 0.298155 0.110102
191 0.296953 0.0996438
196 0.298868 0.0772074
201 0.299784 0.0343003
206 0.301425 0.0252417
211 0.301985 0.0372519
216 0.301552 0.0382252
221 0.300115 0.0749173
226 0.299784 0.0299046
231 0.300254 0.0269911
236 0.301336 0.0310878
241 0.297793 0.0306679
246 0.295871 0.0223855
251 0.295973 0.0225509
256 0.2961 0.0144847
261 0.296698 0.0152863
266 0.29624 0.0315776
271 0.296011 0.0860878
276 0.296915 0.0282443
281 0.307742 0.0243893
286 0.318333 0.038855
291 0.320452 0.0498346
296 0.308702 0.0184924
301 0.301807 0.051673
306 0.301298 0.0461196
311 0.30617 0.0579707
316 0.305738 0.0441539
321 0.299249 0.113365
326 0.299688 0.0767812
331 0.299218 0.0800127
336 0.298919 0.0337532
341 0.301221 0.0215585
346 0.305401 0.0283969
351 0.306215 0.0266158
356 0.304122 0.0260878
361 0.304027 0.020827
366 0.302824 0.0200127
371 0.299466 0.0475
376 0.299504 0.0166094
381 0.299237 0.0151972
386 0.307042 0.0263041
391 0.31577 0.0537595
396 0.317156 0.070617
401 0.316419 0.0593702
406 0.321139 0.0729453
411 0.337723 0.0708015
416 0.359001 0.114001
421 0.370452 0.139873
426 0.388365 0.135636
431 0.41145 0.170884
436 0.427627 0.177258
441 0.4332 0.171947
446 0.436037 0.192443
451 0.439618 0.249358
456 0.44381 0.255961
461 0.446393 0.297901
466 0.450623 0.300382
471 0.452519 0.317729
476 0.450515 0.30334
481 0.447888 0.308804
486 0.446565 0.287595
491 0.444485 0.280662
496 0.443454 0.26612
501 0.448473 0.014631
506 0.469326 0.043416
511 0.485802 0.0798473
516 0.495598 0.0904644
521 0.515515 0.123683
526 0.528098 0.0834606
531 0.534523 0.0680025
536 0.540223 0.0773155
541 0.542303 0.0842176
546 0.544447 0.116387
551 0.538422 0.0989249
556 0.535324 0.108575
561 0.531527 0.113709
566 0.52827 0.279402
571 0.5293 0.282863
576 0.535127 0.0342239
581 0.547481 0.055617
586 0.558022 0.0625382
591 0.566864 0.068028
596 0.589453 0.0933524
601 0.607386 0.0826781
606 0.618263 0.0973791
611 0.641419 0.10369
616 0.65334 0.112844
621 0.671985 0.1232
626 0.676578 0.130897
631 0.684014 0.134739
636 0.688861 0.143142
641 0.691101 0.133931
646 0.695433 0.120102
651 0.696069 0.0572519
656 0.698874 0.0756298
661 0.699892 0.0914186
666 0.702417 0.0937532
671 0.703855 0.13388
676 0.705229 0.10757
681 0.706629 0.114758
686 0.708511 0.116177
691 0.708613 0.112716
696 0.711495 0.212385
701 0.711781 0.143849
706 0.713893 0.0990522
711 0.715598 0.137137
716 0.718397 0.0888804
721 0.721215 0.159319
726 0.72173 0.124682
731 0.721762 0.103861
736 0.722812 0.119046
741 0.725433 0.0135178
746 0.728766 0.160986
751 0.729383 0.0102036
756 0.729116 0.12334
761 0.729606 0.0822519
766 0.729866 0.0404135
771 0.731279 0.0493893
776 0.732411 0.128581
781 0.732468 0.0248601
786 0.732742 0.0135305
791 0.732684 0.0152417
796 0.73105 0.0285114
801 0.731145 0.0252545
806 0.728461 0.0369148
811 0.72764 0.0598028
816 0.73631 0.0744784
821 0.746139 0.144249
826 0.750986 0.0592812
831 0.753251 0.0325763
836 0.754943 0.0398537
841 0.755712 0.035388
846 0.757933 0.117786
851 0.758168 0.0270738
856 0.757239 0.0404453
861 0.75638 0.0244975
866 0.755114 0.0578944
871 0.753562 0.0772519
876 0.754536 0.0430407
881 0.75159 0.0566539
886 0.751291 0.0471819
891 0.752284 0.0354071
896 0.754046 0.0210751
901 0.755439 0.0268511
906 0.757735 0.153524
911 0.757945 0.0200763
916 0.756508 0.0144338
921 0.753429 0.0231043
926 0.753581 0.00573791
931 0.753938 0.166469
936 0.753709 0.027042
941 0.756291 0.0231298
946 0.756374 0.0234415
951 0.756158 0.0341349
956 0.756533 0.0816349
961 0.756215 0.103874
966 0.755229 0.100693
971 0.754332 0.0270738
976 0.752818 0.0158397
981 0.753333 0.0721374
986 0.753944 0.0371692
991 0.752411 0.0370165
996 0.751934 0.0155662
1001 0.753187 0.0208142
1006 0.754771 0.0371501
1011 0.75021 0.0440204
1016 0.749822 0.036056
1021 0.749816 0.035159
1026 0.748798 0.0359987
1031 0.748511 0.0399746
1036 0.750738 0.0730725
1041 0.750324 0.0442684
1046 0.750445 0.0398728
1051 0.751069 0.04007
1056 0.750789 0.0445229
1061 0.749497 0.0692685
1066 0.748034 0.0287977
1071 0.747704 0.0290204
1076 0.748187 0.0255407
1081 0.747812 0.0341667
1086 0.750776 0.0963168
1091 0.749809 0.0294338
1096 0.750134 0.0329517
1101 0.750127 0.0357125
1106 0.749548 0.0320992
1111 0.7489 0.0916667
1116 0.748677 0.0439695
1121 0.749198 0.0342366
1126 0.748957 0.0374682
1131 0.746565 0.0335814
1136 0.747265 0.0598919
1141 0.749154 0.046902
1146 0.750318 0.0304071
1151 0.750515 0.0278053
1156 0.749548 0.0340267
1161 0.7511 0.0683015
1166 0.751896 0.0530153
1171 0.751743 0.0517812
1176 0.750216 0.0498982
1181 0.748511 0.0378244
1186 0.751088 0.061215
1191 0.752417 0.0242748
1196 0.752449 0.0165331
1201 0.75341 0.018028
1206 0.752411 0.025986
1211 0.751985 0.0879962
1216 0.75133 0.00962468
1221 0.751037 0.088556
1226 0.750649 0.0371501
1231 0.75124 0.0286896
1236 0.749637 0.0474237
1241 0.748518 0.0371819
1246 0.748677 0.0320038
1251 0.749746 0.0326272
1256 0.750674 0.0283906
1261 0.75007 0.0678371
1266 0.750426 0.0182252
1271 0.750439 0.0236641
1276 0.750719 0.029173
1281 0.751355 0.0402099
1286 0.750235 0.0657761
1291 0.749504 0.0339059
1296 0.74764 0.0442875
1301 0.747112 0.038785
1306 0.749415 0.0386387
1311 0.750757 0.0447265
1316 0.748995 0.0339695
1321 0.7493 0.0295293
1326 0.749078 0.0295038
1331 0.7489 0.0163677
1336 0.750433 0.1418
1341 0.749676 0.0617112
1346 0.749695 0.0491221
1351 0.751107 0.0461514
1356 0.752029 0.0474555
1361 0.751864 0.0572392
1366 0.754281 0.0503626
1371 0.754574 0.0502926
1376 0.752837 0.0388931
1381 0.752182 0.0326527
1386 0.752672 0.0470293
1391 0.751349 0.0358015
1396 0.750095 0.0280852
1401 0.750655 0.0166412
1406 0.751768 0.0213168
1411 0.749733 0.0328308
1416 0.749224 0.038785
1421 0.74715 0.0810115
1426 0.746361 0.145986
1431 0.744657 0.218314
1436 0.744459 0.175973
1441 0.74278 0.271819
1446 0.741609 0.297538
1451 0.73841 0.315426
1456 0.739415 0.389071
1461 0.744854 0.399275
1466 0.756902 0.403467
1471 0.762907 0.454472
1476 0.771775 0.214529
1481 0.773225 0.200655
1486 0.771711 0.230197
1491 0.780178 0.39313
1496 0.779453 0.466018
1501 0.782106 0.542449
1506 0.793289 0.686075
1511 0.807169 0.687296
1516 0.797265 0.724816
1521 0.794046 0.325426
1526 0.773009 0.636202
1531 0.776393 0.554065
1536 0.776285 0.621781
1541 0.784319 0.683594
1546 0.782296 0.599682
1551 0.761043 0.639281
1556 0.746896 0.563989
1561 0.72388 0.667322
1566 0.730229 0.636412
1571 0.740115 0.621947
1576 0.741196 0.620165
1581 0.739447 0.621718
1586 0.737023 0.567055
1591 0.745827 0.278015
1596 0.742659 0.604517
1601 0.723511 0.60902
1606 0.700617 0.657494
1611 0.679256 0.347144
1616 0.684784 0.489224
1621 0.695693 0.496788
1626 0.67909 0.619663
1631 0.659612 0.589128
1636 0.62715 0.633779
1641 0.641947 0.593702
1646 0.66895 0.59701
1651 0.674453 0.619332
1656 0.678257 0.567131
1661 0.679873 0.615961
1666 0.679466 0.562455
1671 0.681864 0.603372
1676 0.684408 0.584917
1681 0.672169 0.579249
1686 0.66778 0.512843
1691 0.663435 0.396902
1696 0.657106 0.502786
1701 0.676247 0.557137
1706 0.683346 0.49612
1711 0.680235 0.509211
1716 0.671463 0.347125
1721 0.682214 0.535452
1726 0.67993 0.458613
1731 0.61855 0.510331
1736 0.527513 0.506508
1741 0.469682 0.494103
1746 0.44014 0.5382
1751 0.414294 0.55792
1756 0.407398 0.323073
1761 0.372894 0.477621
1766 0.359039 0.497436
1771 0.382888 0.504682
1776 0.406832 0.49187
1781 0.398117 0.501679
1786 0.399122 0.196985
1791 0.381851 0.447067
1796 0.374122 0.400935
1801 0.38951 0.424129
1806 0.388193 0.437023
1811 0.376126 0.362169
1816 0.351387 0.410598
1821 0.352252 0.385165
1826 0.341291 0.385757
1831 0.328919 0.399599
1836 0.319828 0.387239
1841 0.294567 0.380204
1846 0.276781 0.344612
1851 0.264885 0.303989
1856 0.260337 0.229198
1861 0.279167 0.236457
1866 0.277271 0.160114
1871 0.296826 0.225872
1876 0.310973 0.260184
1881 0.341896 0.263295
1886 0.354828 0.341851
1891 0.375725 0.374421
1896 0.379103 0.413613
1901 0.388823 0.406807
1906 0.430827 0.367475
1911 0.417748 0.445477
1916 0.405344 0.436355
1921 0.400617 0.445318
1926 0.384803 0.399517
1931 0.355617 0.352907
1936 0.308893 0.257799
1941 0.283085 0.22895
1946 0.263537 0.253066
1951 0.228804 0.232137
1956 0.203486 0.118887
1961 0.191463 0.120852
1966 0.184211 0.0844148
1971 0.164084 0.0426654
1976 0.156508 0.0169466
1981 0.157519 0.0269911
1986 0.152233 0.0270738
1991 0.15369 0.0208206
1996 0.153715 0.00930025
2001 0.160051 0.0279517
2006 0.220503 0.0497519
2011 0.287125 0.131291
2016 0.361024 0.168295
2021 0.401857 0.146272
2026 0.391495 0.335254
2031 0.39631 0.34152
2036 0.326482 0.329828
2041 0.321107 0.306864
2046 0.29285 0.312875
2051 0.264809 0.287029
2056 0.236514 0.227767
2061 0.206221 0.151011
2066 0.184491 0.141921
2071 0.18243 0.0845611
2076 0.173378 0.0565013
2081 0.157627 0.0188359
2086 0.150642 0.03507
2091 0.149898 0.0203053
2096 0.15131 0.013416
2101 0.170159 0.0463486
2106 0.205356 0.0703944
2111 0.245865 0.0915013
2116 0.309427 0.110509
2121 0.382894 0.121094
2126 0.438244 0.115102
2131 0.491037 0.203111
2136 0.507487 0.235064
2141 0.483728 0.231501
2146 0.434504 0.221508
2151 0.401877 0.260445
2156 0.344879 0.137659
2161 0.310337 0.218232
2166 0.307602 0.165999
2171 0.291196 0.0538995
2176 0.268391 0.144695
2181 0.239606 0.195095
2186 0.195655 0.0724555
2191 0.176215 0.117653
2196 0.164962 0.0796438
2201 0.162818 0.0438931
2206 0.16063 0.0402417
2211 0.157506 0.0214695
2216 0.151069 0.0104644
2221 0.151336 0.0148282
2226 0.152373 0.0162341
2231 0.151845 0.00970738
2236 0.151851 0.0102545
2241 0.151501 0.011126
2246 0.151565 0.0129517
2251 0.152067 0.023028
2256 0.151508 0.0183906
2261 0.149364 0.0308079
2266 0.153594 0.0331361
2271 0.187856 0.0794275
2276 0.212532 0.134262
2281 0.213887 0.164765
2286 0.21341 0.168842
2291 0.218753 0.176896
2296 0.213626 0.190261
2301 0.208632 0.182678
2306 0.208944 0.197017
2311 0.199167 0.176927
2316 0.192729 0.166628
2321 0.189574 0.159994
2326 0.183174 0.134968
2331 0.179504 0.123473
2336 0.172602 0.0897328
2341 0.163842 0.0869084
2346 0.159962 0.0805534
2351 0.159701 0.0606934
2356 0.1593 0.0591921
2361 0.155076 0.0602608
2366 0.159739 0.0473982
2371 0.158391 0.0518575
2376 0.156902 0.0596438
2381 0.153416 0.056673
2386 0.183429 0.0652481
2391 0.213454 0.0779453
2396 0.231132 0.113651
2401 0.231355 0.148066
2406 0.230802 0.117863
2411 0.217239 0.11764
2416 0.184218 0.113193
2421 0.175903 0.0920865
2426 0.164905 0.048416
2431 0.149784 0.0153372
2436 0.181469 0.0358842
2441 0.185751 0.0618957
2446 0.191374 0.0768575
2451 0.196107 0.0912659
2456 0.187952 0.107017
2461 0.170331 0.100146
2466 0.166081 0.0812913
2471 0.159816 0.0588295
2476 0.161775 0.0447328
2481 0.158651 0.0329962
2486 0.157379 0.0442048
2491 0.158893 0.035229
2496 0.161858 0.0502163
2501 0.165687 0.0445165
2506 0.160674 0.062201
2511 0.180102 0.0641667
2516 0.207996 0.101819
2521 0.209726 0.135172
2526 0.215681 0.140242
2531 0.223384 0.137366
2536 0.237137 0.155903
2541 0.221406 0.16965
2546 0.20222 0.155076
2551 0.171279 0.193193
2556 0.171527 0.139122
2561 0.171081 0.0878626
2566 0.157048 0.0265331
2571 0.147754 0.011902
2576 0.148327 0.0503435
2581 0.148333 0.125108
2586 0.148537 0.10208
2591 0.148779 0.0519211
2596 0.148575 0.0957379
2601 0.14862 0.0906043
2606 0.14876 0.0629898
2611 0.14869 0.156679
2616 0.148944 0.0802926
2621 0.148753 0.077341
2626 0.160083 0.0113359
2631 0.182831 0.0494784
2636 0.183429 0.0801718
2641 0.217055 0.128887
2646 0.256438 0.176094
2651 0.28285 0.280954
2656 0.279357 0.326221
2661 0.292131 0.338346
2666 0.282888 0.332793
2671 0.287875 0.324994
2676 0.276552 0.306635
2681 0.254612 0.27834
2686 0.224676 0.264122
2691 0.214803 0.197048
2696 0.213556 0.153206
2701 0.203499 0.100216
2706 0.19035 0.107665
2711 0.190732 0.0758015
2716 0.191768 0.0647455
2721 0.190025 0.0708206
2726 0.193308 0.0687023
2731 0.211578 0.0913232
2736 0.226749 0.107983
2741 0.233613 0.139695
2746 0.232207 0.155573
2751 0.239122 0.137958
2756 0.240445 0.126075
2761 0.240573 0.135598
2766 0.243327 0.140019
2771 0.245515 0.155751
2776 0.248308 0.143378
2781 0.250693 0.143925
2786 0.253047 0.174052
2791 0.249001 0.184631
2796 0.243372 0.186457
2801 0.240623 0.172335
2806 0.237684 0.161489
2811 0.236177 0.108791
2816 0.237621 0.0882061
2821 0.237926 0.0370165
2826 0.237373 0.0389631
2831 0.236883 0.0309097
2836 0.239109 0.0482316
2841 0.239472 0.0317875
2846 0.239847 0.0322455
2851 0.24633 0.0405471
2856 0.252958 0.0517875
2861 0.239497 0.0450445
2866 0.239218 0.0433524
2871 0.24208 0.0398601
2876 0.24173 0.0381807
2881 0.246616 0.0478753
2886 0.246126 0.0788868
2891 0.249618 0.0756043
2896 0.247786 0.0594338
2901 0.248441 0.0659097
2906 0.249377 0.0595738
2911 0.249288 0.0932379
2916 0.25035 0.0656616
2921 0.25138 0.0762723
2926 0.251889 0.067799
2931 0.253009 0.0697265
2936 0.254943 0.101997
2941 0.262754 0.0831552
2946 0.279682 0.102869
2951 0.302583 0.0820356
2956 0.329205 0.0601908
2961 0.362341 0.12881
2966 0.3889 0.123219
2971 0.420935 0.141253
2976 0.450197 0.163747
2981 0.468359 0.170356
2986 0.505178 0.204485
2991 0.52035 0.254027
2996 0.542188 0.266851
3001 0.582748 0.315827
3006 0.612608 0.330668
3011 0.638461 0.353766
3016 0.671215 0.394281
3021 0.699275 0.358677
3026 0.720992 0.315045
3031 0.747665 0.185344
3036 0.764485 0.19423
3041 0.755757 0.197436
3046 0.755204 0.140795
3051 0.75388 0.171692
3056 0.750146 0.157678
3061 0.743632 0.162627
3066 0.748384 0.17271
3071 0.756788 0.223912
3076 0.770407 0.233505
3081 0.778034 0.142335
3086 0.784822 0.172322
3091 0.785045 0.13848
3096 0.786291 0.128925
3101 0.782061 0.143066
3106 0.783639 0.15334
3111 0.785833 0.127729
3116 0.783874 0.14563
3121 0.779631 0.13285
3126 0.777341 0.128448
3131 0.776495 0.139478
3136 0.775102 0.0678817
3141 0.773581 0.0795611
3146 0.770382 0.0584606
3151 0.769027 0.0889822
3156 0.768123 0.0847392
3161 0.769345 0.129338
3166 0.768702 0.0953753
3171 0.767913 0.0758524
3176 0.767246 0.0953626
3181 0.762907 0.0993511
3186 0.762856 0.147767
3191 0.760617 0.053715
3196 0.758906 0.140165
3201 0.759256 0.12645
3206 0.75937 0.1
3211 0.758855 0.0935369
3216 0.758861 0.0638041
3221 0.759186 0.0508079
3226 0.759447 0.0235496
3231 0.75736 0.0340712
3236 0.75542 0.081813
3241 0.753607 0.0362786
3246 0.754485 0.0409033
3251 0.753047 0.034173
3256 0.753804 0.0348982
3261 0.755331 0.0299364
3266 0.755986 0.0216476
3271 0.756272 0.0322201
3276 0.755999 0.023098
3281 0.755789 0.0268639
3286 0.757188 0.0632379
3291 0.757564 0.0127926
3296 0.756902 0.0139313
3301 0.757659 0.0251145
3306 0.757875 0.0365712
3311 0.759396 0.0627036
3316 0.757335 0.0434478
3321 0.755051 0.0498855
3326 0.755254 0.054173
3331 0.754555 0.0554453
3336 0.752201 0.0828562
3341 0.754059 0.0804135
3346 0.753919 0.0643702
3351 0.753149 0.0611578
3356 0.752704 0.0601718
3361 0.754644 0.0658015
3366 0.75369 0.0606807
3371 0.754351 0.0638232
3376 0.756463 0.0290649
3381 0.756393 0.029542
3386 0.754472 0.103321
3391 0.754587 0.034612
3396 0.75479 0.0345802
3401 0.754828 0.0257761
3406 0.755821 0.0230025
3411 0.75645 0.0557761
3416 0.755452 0.0318193
3421 0.755363 0.032271
3426 0.755846 0.047271
3431 0.756132 0.033327
3436 0.760172 0.14507
3441 0.759542 0.0290394
3446 0.759504 0.0713677
3451 0.760324 0.0210305
3456 0.760388 0.0405534
3461 0.761062 0.0697774
3466 0.760401 0.0204962
3471 0.760394 0.0252099
3476 0.760598 0.0222519
3481 0.760496 0.0219975
3486 0.759198 0.0544975
3491 0.759631 0.0161069
3496 0.760337 0.0370738
3501 0.761272 0.0183333
3506 0.760611 0.041285
3511 0.759377 0.0666349
3516 0.75916 0.0274746
3521 0.759529 0.037112
3526 0.759905 0.0862595
3531 0.759803 0.0919338
3536 0.761151 0.184243
3541 0.761069 0.0472583
3546 0.760572 0.0219656
3551 0.760884 0.0236005
3556 0.760471 0.0227608
3561 0.760452 0.0400827
3566 0.760343 0.0197455
3571 0.761101 0.0641412
3576 0.761336 0.0428308
3581 0.761279 0.0352799
3586 0.761202 0.0650763
3591 0.761565 0.0398219
3596 0.760929 0.0481934
3601 0.760814 0.0143448
3606 0.761323 0.0284288
3611 0.761037 0.0084542
3616 0.762087 0.0113931
3621 0.762888 0.0308206
3626 0.762748 0.0367939
3631 0.761768 0.0366985
3636 0.761285 0.0358079
3641 0.76222 0.0316603
3646 0.76112 0.0351845
3651 0.760852 0.0269593
3656 0.76049 0.0266031
3661 0.760458 0.0159033
3666 0.760401 0.0153753
3671 0.761431 0.0520865
3676 0.760172 0.0305344
3681 0.760172 0.0312023
3686 0.760687 0.023556
3691 0.760942 0.0328753
3696 0.761864 0.0685369
3701 0.761266 0.0770802
3706 0.761692 0.0741667
3711 0.761406 0.0807634
3716 0.760878 0.0722583
3721 0.759606 0.108378
3726 0.759288 0.0745865
3731 0.758779 0.0852672
3736 0.759129 0.0794148
3741 0.75923 0.0831743
3746 0.759656 0.137265
3751 0.759555 0.106832
3756 0.759898 0.118887
3761 0.759587 0.0858715
3766 0.760204 0.0103817
3771 0.757799 0.0283906
3776 0.757608 0.0360178
3781 0.759975 0.0512595
3786 0.760897 0.0455089
3791 0.760522 0.0416985
3796 0.760045 0.0730662
3801 0.758594 0.0769593
3806 0.75612 0.0784288
3811 0.756743 0.0940331
3816 0.758575 0.0964058
3821 0.768041 0.152691
3826 0.767385 0.0166921
3831 0.768664 0.0142303
3836 0.768537 0.0164758
3841 0.769052 0.021972
3846 0.768123 0.0376272
3851 0.768244 0.0344084
3856 0.767608 0.0258206
3861 0.767545 0.0263613
3866 0.767767 0.0497455
3871 0.769033 0.069383
3876 0.769631 0.0561641
3881 0.770083 0.0277926
3886 0.770064 0.040229
3891 0.768511 0.0328817
3896 0.76638 0.0582125
3901 0.767576 0.0334478
3906 0.768034 0.0391794
3911 0.766005 0.0320674
3916 0.765999 0.0329389
3921 0.767933 0.0552926
3926 0.768263 0.028028
3931 0.768842 0.0322519
3936 0.768919 0.0299173
3941 0.768906 0.0214567
3946 0.769218 0.0409733
3951 0.769129 0.0250318
3956 0.76909 0.0573855
3961 0.769822 0.032341
3966 0.769459 0.0288104
3971 0.770884 0.0429135
3976 0.770986 0.0453753
3981 0.769574 0.0181298
3986 0.769497 0.0212341
3991 0.76909 0.0265522
3996 0.770401 0.0539186
4001 0.770445 0.101927
4006 0.770337 0.015827
4011 0.769975 0.00924936
4016 0.770407 0.0280407
4021 0.768123 0.0504453
4026 0.76855 0.0199173
4031 0.768333 0.0173092
4036 0.766813 0.0229644
4041 0.765655 0.0272074
4046 0.76299 0.0409288
4051 0.764466 0.0584351
4056 0.766654 0.0454835
4061 0.767207 0.0514758
4066 0.768728 0.0184542
4071 0.770929 0.0385623
4076 0.767525 0.0239122
4081 0.76827 0.0118957
4086 0.767824 0.0254898
4091 0.768263 0.0204453
4096 0.769625 0.0319402
4101 0.771011 0.0859542
4106 0.771158 0.0995038
4111 0.770929 0.0544975
4116 0.770114 0.0089631
4121 0.770903 0.0555471
4126 0.769962 0.0282697
4131 0.768791 0.158206
4136 0.765681 0.189987
4141 0.765299 0.248206
4146 0.765674 0.281597
4151 0.765331 0.262411
4156 0.766132 0.289625
4161 0.766539 0.280433
4166 0.766908 0.286858
4171 0.771425 0.34876
4176 0.767614 0.340363
4181 0.769847 0.195642
4186 0.772863 0.116953
4191 0.779033 0.219351
4196 0.785712 0.128766
4201 0.796419 0.242735
4206 0.80479 0.400286
4211 0.81007 0.34916
4216 0.812761 0.646813
4221 0.809116 0.62862
4226 0.805191 0.642067
4231 0.803302 0.499504
4236 0.804879 0.60388
4241 0.803785 0.542856
4246 0.800852 0.601565
4251 0.774033 0.57472
4256 0.70313 0.427316
4261 0.649052 0.363066
4266 0.641978 0.535738
4271 0.662131 0.550617
4276 0.669485 0.50673
4281 0.664752 0.430509
4286 0.672176 0.602996
4291 0.678899 0.555445
4296 0.645413 0.43923
4301 0.651234 0.469001
4306 0.672551 0.642017
4311 0.68617 0.671558
4316 0.701139 0.504536
4321 0.684179 0.642557
4326 0.671024 0.619307
4331 0.653111 0.346164
4336 0.643168 0.578581
4341 0.623912 0.61465
4346 0.608098 0.591234
4351 0.613276 0.666603
4356 0.619116 0.668257
4361 0.618836 0.634828
4366 0.614949 0.639542
4371 0.607328 0.602882
4376 0.587869 0.628556
4381 0.558251 0.583333
4386 0.55883 0.335585
4391 0.533314 0.406113
4396 0.513276 0.611393
4401 0.486705 0.555267
4406 0.458696 0.496959
4411 0.442818 0.463861
4416 0.451552 0.540013
4421 0.480375 0.525922
4426 0.480216 0.523429
4431 0.480356 0.596304
4436 0.487697 0.615102
4441 0.49388 0.614288
4446 0.502284 0.62944
4451 0.507519 0.597767
4456 0.509485 0.568473
4461 0.511266 0.575662
4466 0.528906 0.546355
4471 0.552405 0.498155
4476 0.57535 0.504307
4481 0.545674 0.48437
4486 0.477405 0.402761
4491 0.453779 0.514408
4496 0.47605 0.414052
4501 0.512099 0.47881
4506 0.572455 0.465363
4511 0.601565 0.435445
4516 0.640534 0.526603
4521 0.66056 0.444758
4526 0.678053 0.440286
4531 0.694466 0.494987
4536 0.692042 0.502017
4541 0.684771 0.558791
4546 0.668779 0.442977
4551 0.663263 0.551037
4556 0.6557 0.556711
4561 0.601285 0.584288
4566 0.567513 0.589211
4571 0.552106 0.551991
4576 0.541336 0.605986
4581 0.507284 0.591559
4586 0.488429 0.535611
4591 0.487971 0.42986
4596 0.528333 0.519873
4601 0.52799 0.492118
4606 0.514816 0.310712
4611 0.501412 0.464644
4616 0.488651 0.385013
4621 0.478766 0.447265
4626 0.454319 0.342017
4631 0.456953 0.363136
4636 0.481915 0.333511
4641 0.497462 0.383957
4646 0.48028 0.45881
4651 0.487583 0.460751
4656 0.483779 0.48355
4661 0.459497 0.429345
4666 0.447061 0.434962
4671 0.41708 0.397983
4676 0.403034 0.311908
4681 0.362392 0.357074
4686 0.352519 0.234109
4691 0.36848 0.293855
4696 0.383206 0.286641
4701 0.393155 0.379179
4706 0.40133 0.36388
4711 0.423168 0.44049
4716 0.463104 0.417901
4721 0.493651 0.423371
4726 0.472831 0.430115
4731 0.443041 0.453034
4736 0.427436 0.450916
4741 0.39091 0.313003
4746 0.382443 0.432863
4751 0.346132 0.40437
4756 0.29701 0.360712
4761 0.254307 0.370712
4766 0.24056 0.311718
4771 0.21563 0.269218
4776 0.197411 0.22986
4781 0.188015 0.169758
4786 0.173696 0.132659
4791 0.154892 0.0546501
4796 0.149256 0.0258397
4801 0.151406 0.0533015
4806 0.152125 0.110102
4811 0.152239 0.128919
4816 0.150922 0.130401
4821 0.15131 0.0770483
4826 0.150833 0.0432252
4831 0.150674 0.119319
4836 0.151177 0.160057
4841 0.151584 0.00823155
4846 0.151908 0.00410305
4851 0.151832 0.00319338
4856 0.152137 0.0108524
4861 0.151463 0.0111768
4866 0.150954 0.00486641
4871 0.150712 0.0173473
4876 0.150961 0.00254453
4881 0.150617 0.00234733
4886 0.150076 0.0752608
4891 0.150064 0.0545738
4896 0.151196 0.00638677
4901 0.155445 0.00692112
4906 0.160693 0.0111832
4911 0.157958 0.0155089
4916 0.152061 0.0103371
4921 0.18028 0.0441031
4926 0.189695 0.0729644
4931 0.222538 0.111037
4936 0.23848 0.174548
4941 0.255757 0.18437
4946 0.24028 0.164065
4951 0.240057 0.160821
4956 0.229478 0.171724
4961 0.204154 0.159987
4966 0.179001 0.14119
4971 0.192863 0.115541
4976 0.216463 0.128912
4981 0.219224 0.154599
4986 0.218543 0.178664
4991 0.224332 0.18951
4996 0.217634 0.207023
5001 0.212271 0.202214
5006 0.196279 0.200916
5011 0.193232 0.132392
5016 0.17638 0.0735941
5021 0.165083 0.0597392
5026 0.161845 0.0492557
5031 0.160153 0.0377926
5036 0.162373 0.0495547
5041 0.167017 0.0502354
5046 0.170757 0.0637723
5051 0.194898 0.0840076
5056 0.243728 0.110719
5061 0.292246 0.120134
5066 0.340751 0.164046
5071 0.360299 0.213365
5076 0.368982 0.15827
5081 0.330464 0.181705
5086 0.290503 0.156285
5091 0.254949 0.203575
5096 0.200878 0.211501
5101 0.192684 0.171304
5106 0.197627 0.108791
5111 0.18117 0.125191
5116 0.170528 0.0995865
5121 0.159739 0.0354198
5126 0.148734 0.00844148
5131 0.152061 0.0151081
5136 0.14778 0.0422583
5141 0.147468 0.142678
5146 0.14792 0.101387
5151 0.147805 0.0831552
5156 0.147945 0.0630025
5161 0.146934 0.183295
5166 0.147487 0.0841539
5171 0.147455 0.0769466
5176 0.147716 0.107405
5181 0.14771 0.0851272
5186 0.146495 0.117182
5191 0.146826 0.135293
5196 0.14743 0.122767
5201 0.147494 0.126603
5206 0.147455 0.0533715
5211 0.147449 0.0446628
5216 0.147436 0.0869975
5221 0.148168 0.151508
5226 0.148282 0.0762532
5231 0.148422 0.0593448
5236 0.148677 0.111762
5241 0.148728 0.0755534
5246 0.147964 0.088626
5251 0.148282 0.12098
5256 0.156469 0.0119656
5261 0.183734 0.0436578
5266 0.194714 0.0842048
5271 0.20367 0.10187
5276 0.208308 0.0931298
5281 0.212106 0.0997137
5286 0.14764 0.073874
5291 0.240725 0.0829326
5296 0.269491 0.13355
5301 0.281272 0.158066
5306 0.288174 0.200223
5311 0.29535 0.206234
5316 0.296075 0.223308
5321 0.297106 0.132042
5326 0.286953 0.0996438
5331 0.286628 0.112093
5336 0.303531 0.125032
5341 0.304027 0.170293
5346 0.304256 0.159682
5351 0.309249 0.170229
5356 0.333626 0.184256
5361 0.357494 0.202926
5366 0.356062 0.211628
5371 0.343791 0.224332
5376 0.345324 0.218989
5381 0.347602 0.205961
5386 0.350153 0.20465
5391 0.371323 0.231253
5396 0.386298 0.261648
5401 0.375426 0.227945
5406 0.370127 0.183429
5411 0.373352 0.175623
5416 0.375611 0.143384
5421 0.401762 0.170592
5426 0.415509 0.167882
5431 0.419148 0.186756
5436 0.430623 0.225795
5441 0.451107 0.226858
5446 0.46208 0.279656
5451 0.480973 0.281031
5456 0.49159 0.289084
5461 0.483931 0.189707
5466 0.47194 0.186081
5471 0.466705 0.177398
5476 0.458969 0.167831
5481 0.467869 0.129536
5486 0.490827 0.122207
5491 0.514968 0.119192
5496 0.533435 0.14138
5501 0.549599 0.142023
5506 0.566005 0.150948
5511 0.584656 0.151253
5516 0.593308 0.119211
5521 0.597551 0.164688
5526 0.611132 0.184644
5531 0.638053 0.150522
5536 0.656794 0.198111
5541 0.674561 0.0780534
5546 0.686953 0.091514
5551 0.698906 0.0823601
5556 0.705534 0.0918321
5561 0.709421 0.0997837
5566 0.712525 0.108461
5571 0.710528 0.153162
5576 0.715407 0.154561
5581 0.720573 0.167341
5586 0.725153 0.176215
5591 0.736489 0.141527
5596 0.73986 0.144122
5601 0.742653 0.121164
5606 0.747583 0.112004
5611 0.747296 0.0683079
5616 0.745064 0.0539504
5621 0.747494 0.0986705
5626 0.747844 0.0718639
5631 0.746985 0.0503562
5636 0.74577 0.068944
5641 0.747436 0.0741412
5646 0.755051 0.105852
5651 0.755986 0.0785433
5656 0.752634 0.0892684
5661 0.75145 0.0727163
5666 0.752602 0.0777672
5671 0.754408 0.139847
5676 0.754218 0.0516031
5681 0.754981 0.043556
5686 0.754179 0.0524046
5691 0.754256 0.0457952
5696 0.754358 0.0536323
5701 0.75729 0.00923664
5706 0.757926 0.0559288
5711 0.756145 0.0238804
5716 0.754949 0.0834733
5721 0.754065 0.174726
5726 0.754205 0.113162
5731 0.753969 0.0164567
5736 0.75306 0.0206807
