frame_number static_density dynamic_density
1 0.515057 0.248209
6 0.532517 0.20127
11 0.55805 0.0903855
16 0.55805 0.169025
21 0.560091 0.137234
26 0.546757 0.157823
31 0.551973 0.148299
36 0.536281 0.139864
41 0.528526 0.156463
46 0.514603 0.176871
51 0.511474 0.163946
56 0.516689 0.16381
61 0.516281 0.097415
66 0.509342 0.0565986
71 0.505125 0.0461225
76 0.503492 0.0314286
81 0.507619 0.0645805
86 0.519955 0.0985034
91 0.525986 0.12449
96 0.533878 0.17034
101 0.514966 0.199683
106 0.505397 0.178957
111 0.5078 0.195556
116 0.516463 0.190113
121 0.534739 0.242041
126 0.538095 0.269751
131 0.535283 0.272698
136 0.53102 0.215964
141 0.533424 0.251882
146 0.520952 0.27229
151 0.523537 0.275193
156 0.521542 0.250975
161 0.519637 0.250703
166 0.520091 0.232154
171 0.52059 0.274104
176 0.521451 0.218458
181 0.520272 0.246893
186 0.521315 0.199048
191 0.522222 0.173107
196 0.519365 0.23737
201 0.518458 0.076644
206 0.517007 0.0744671
211 0.516145 0.069161
216 0.515692 0.14068
221 0.513696 0.336871
226 0.514059 0.0885261
231 0.515283 0.0843991
236 0.514785 0.0621769
241 0.517279 0.0863039
246 0.518005 0.215556
251 0.516644 0.037415
256 0.517188 0.0245805
261 0.518141 0.0520181
266 0.519274 0.0696145
271 0.522086 0.172336
276 0.521361 0.0559637
281 0.529841 0.0370068
286 0.53619 0.0401361
291 0.529342 0.0734694
296 0.524444 0.0679819
301 0.515283 0.0874376
306 0.519864 0.0875283
311 0.518776 0.12059
316 0.514512 0.117007
321 0.514422 0.278685
326 0.514603 0.112517
331 0.515964 0.140045
336 0.517596 0.14771
341 0.517052 0.108526
346 0.527256 0.0472109
351 0.534649 0.0348753
356 0.529433 0.0314286
361 0.528345 0.0364626
366 0.527574 0.0331973
371 0.525578 0.0353288
376 0.524399 0.0345125
381 0.5239 0.0288435
386 0.526757 0.0397279
391 0.527664 0.080907
396 0.52322 0.127574
401 0.516871 0.12576
406 0.514648 0.160862
411 0.516009 0.120317
416 0.512698 0.165397
421 0.511202 0.214603
426 0.502766 0.194014
431 0.486757 0.245079
436 0.486893 0.250612
441 0.479637 0.308299
446 0.475692 0.284218
451 0.478503 0.33932
456 0.479184 0.359546
461 0.48195 0.379138
466 0.478685 0.369252
471 0.47483 0.383039
476 0.473651 0.383356
481 0.472154 0.344943
486 0.471791 0.314603
491 0.472018 0.317324
496 0.467166 0.256689
501 0.472381 0.0711111
506 0.488798 0.0799093
511 0.503719 0.122948
516 0.512381 0.123356
521 0.507982 0.161088
526 0.504036 0.107029
531 0.505578 0.128345
536 0.501406 0.14195
541 0.500726 0.124853
546 0.492063 0.160408
551 0.491338 0.158005
556 0.492381 0.157098
561 0.488435 0.176054
566 0.483492 0.312517
571 0.479048 0.350612
576 0.484717 0.0690703
581 0.494286 0.0708844
586 0.500726 0.12263
591 0.508707 0.110884
596 0.520635 0.129297
601 0.528027 0.160363
606 0.535601 0.181769
611 0.546259 0.182766
616 0.554331 0.179501
621 0.557506 0.231429
626 0.564444 0.192653
631 0.570249 0.194875
636 0.575147 0.222086
641 0.57619 0.170839
646 0.573651 0.156145
651 0.575419 0.12449
656 0.575918 0.144898
661 0.575556 0.157823
666 0.579048 0.140726
671 0.577007 0.213968
676 0.580317 0.160816
681 0.57932 0.198322
686 0.577687 0.200907
691 0.577732 0.16712
696 0.576689 0.329252
701 0.575964 0.201859
706 0.573832 0.229478
711 0.572744 0.268617
716 0.572154 0.247528
721 0.56712 0.462358
726 0.569841 0.291429
731 0.570612 0.242993
736 0.569569 0.247392
741 0.568753 0.17873
746 0.568526 0.231474
751 0.566712 0.189161
756 0.565941 0.215147
761 0.566349 0.163492
766 0.56381 0.147619
771 0.560272 0.268571
776 0.561088 0.252472
781 0.560317 0.206531
786 0.561315 0.0693424
791 0.563673 0.0336508
796 0.571111 0.0464853
801 0.576145 0.0479365
806 0.577959 0.0484807
811 0.58195 0.0903855
816 0.584943 0.112154
821 0.590068 0.335465
826 0.596372 0.065941
831 0.59737 0.093424
836 0.599592 0.107029
841 0.599002 0.0552834
846 0.599093 0.288753
851 0.599229 0.0623583
856 0.598095 0.197732
861 0.599955 0.0256236
866 0.599229 0.121406
871 0.600952 0.122313
876 0.60059 0.0793197
881 0.602449 0.0873469
886 0.601814 0.222585
891 0.602404 0.0553741
896 0.601587 0.0662132
901 0.602177 0.113968
906 0.600816 0.319592
911 0.601179 0.0634014
916 0.601134 0.111293
921 0.600952 0.15619
926 0.599955 0.119093
931 0.599184 0.236281
936 0.599274 0.156735
941 0.599456 0.04322
946 0.599637 0.047619
951 0.599773 0.0739683
956 0.5961 0.173741
961 0.596689 0.0718821
966 0.59737 0.11746
971 0.595737 0.120181
976 0.594875 0.116871
981 0.594331 0.162676
986 0.594875 0.064263
991 0.596145 0.0525624
996 0.5961 0.094195
1001 0.596009 0.114467
1006 0.594921 0.202222
1011 0.594875 0.0712925
1016 0.596327 0.0555556
1021 0.596961 0.0517914
1026 0.597642 0.0492063
1031 0.597279 0.0885714
1036 0.595057 0.127755
1041 0.595646 0.0984581
1046 0.596689 0.0781406
1051 0.595737 0.0780045
1056 0.595918 0.0687075
1061 0.595556 0.106712
1066 0.597279 0.0741043
1071 0.595828 0.0604082
1076 0.595102 0.106939
1081 0.595828 0.0655329
1086 0.59678 0.22966
1091 0.600181 0.169297
1096 0.602313 0.101995
1101 0.602676 0.0662132
1106 0.60263 0.0739229
1111 0.597959 0.290975
1116 0.597778 0.0764626
1121 0.595918 0.0950113
1126 0.596463 0.08322
1131 0.597687 0.0608617
1136 0.594512 0.0519728
1141 0.600045 0.074059
1146 0.598594 0.0620862
1151 0.599456 0.0572789
1156 0.597642 0.0491156
1161 0.601134 0.119138
1166 0.600499 0.120544
1171 0.597687 0.0909297
1176 0.59805 0.0782313
1181 0.598413 0.0845805
1186 0.597007 0.13102
1191 0.599728 0.0287528
1196 0.600907 0.0457596
1201 0.601587 0.0326531
1206 0.600998 0.238866
1211 0.598866 0.321179
1216 0.599456 0.143492
1221 0.599184 0.241995
1226 0.599093 0.159955
1231 0.60127 0.0431746
1236 0.601179 0.0880272
1241 0.602404 0.0628118
1246 0.604172 0.062585
1251 0.603356 0.0748299
1256 0.602721 0.0497959
1261 0.598912 0.097551
1266 0.600726 0.0242177
1271 0.599955 0.0561451
1276 0.599002 0.0443537
1281 0.59746 0.0443991
1286 0.597869 0.089297
1291 0.598413 0.0398639
1296 0.600544 0.0535147
1301 0.600816 0.0542404
1306 0.601905 0.0381859
1311 0.597914 0.129433
1316 0.596281 0.0515646
1321 0.595556 0.0773696
1326 0.595102 0.0603628
1331 0.596327 0.100408
1336 0.593605 0.316961
1341 0.594059 0.0909297
1346 0.595828 0.0811791
1351 0.596961 0.0839002
1356 0.598413 0.080907
1361 0.597959 0.102449
1366 0.59941 0.0836735
1371 0.597914 0.0712472
1376 0.597732 0.0672109
1381 0.596236 0.0546939
1386 0.591066 0.0692063
1391 0.593243 0.0417687
1396 0.594422 0.03678
1401 0.598186 0.0470295
1406 0.598413 0.0638095
1411 0.600227 0.0693878
1416 0.601995 0.129297
1421 0.601769 0.129524
1426 0.603855 0.180454
1431 0.6078 0.25288
1436 0.608707 0.367574
1441 0.615329 0.421179
1446 0.624898 0.455147
1451 0.62839 0.480998
1456 0.619683 0.493696
1461 0.619093 0.503855
1466 0.610612 0.51034
1471 0.596871 0.507528
1476 0.582268 0.396236
1481 0.578549 0.589161
1486 0.59483 0.684263
1491 0.617959 0.617143
1496 0.630476 0.754785
1501 0.62907 0.606485
1506 0.635193 0.891837
1511 0.626213 0.913379
1516 0.596599 0.908163
1521 0.582948 0.865624
1526 0.565351 0.917506
1531 0.559365 0.906304
1536 0.566712 0.902585
1541 0.568707 0.889433
1546 0.572608 0.899728
1551 0.55542 0.904444
1556 0.56839 0.90458
1561 0.58 0.912018
1566 0.579637 0.924036
1571 0.578005 0.919728
1576 0.57737 0.904444
1581 0.564036 0.923673
1586 0.572834 0.899955
1591 0.577143 0.838141
1596 0.58517 0.916735
1601 0.589388 0.919864
1606 0.606621 0.882268
1611 0.641134 0.910204
1616 0.640635 0.903946
1621 0.612834 0.855964
1626 0.588526 0.884172
1631 0.562585 0.835238
1636 0.557959 0.810748
1641 0.56254 0.806032
1646 0.577324 0.847438
1651 0.590612 0.850295
1656 0.574467 0.829252
1661 0.582268 0.826712
1666 0.595964 0.83229
1671 0.593651 0.880726
1676 0.584399 0.876417
1681 0.580998 0.806667
1686 0.588481 0.834875
1691 0.605533 0.785079
1696 0.633923 0.718322
1701 0.635692 0.705488
1706 0.624581 0.716916
1711 0.611111 0.743764
1716 0.629615 0.68771
1721 0.635828 0.723084
1726 0.609252 0.759683
1731 0.575873 0.71678
1736 0.537506 0.737642
1741 0.517778 0.762177
1746 0.534694 0.784218
1751 0.533016 0.75034
1756 0.556599 0.664762
1761 0.533288 0.715556
1766 0.563447 0.744853
1771 0.561224 0.733016
1776 0.55161 0.724853
1781 0.54449 0.714512
1786 0.546213 0.695419
1791 0.551111 0.654059
1796 0.560544 0.644626
1801 0.562812 0.636735
1806 0.546213 0.720363
1811 0.521406 0.667755
1816 0.503855 0.667846
1821 0.517823 0.646395
1826 0.538005 0.64322
1831 0.573061 0.626667
1836 0.584671 0.612018
1841 0.581406 0.568118
1846 0.561361 0.504263
1851 0.554694 0.411156
1856 0.529977 0.407302
1861 0.533878 0.421769
1866 0.522676 0.394649
1871 0.523537 0.381361
1876 0.506803 0.475646
1881 0.50381 0.550113
1886 0.525261 0.583946
1891 0.55483 0.570658
1896 0.518413 0.620862
1901 0.546939 0.662676
1906 0.57102 0.69873
1911 0.534603 0.649388
1916 0.516145 0.575873
1921 0.509025 0.548571
1926 0.496463 0.561224
1931 0.460771 0.513878
1936 0.474739 0.41034
1941 0.514694 0.397007
1946 0.530431 0.358957
1951 0.528118 0.278277
1956 0.535374 0.244626
1961 0.545896 0.197868
1966 0.526213 0.13161
1971 0.499864 0.118231
1976 0.502857 0.0262132
1981 0.507664 0.0526531
1986 0.527302 0.0314286
1991 0.527528 0.0436281
1996 0.529887 0.0475737
2001 0.543537 0.0551927
2006 0.582993 0.0925624
2011 0.589297 0.215147
2016 0.579592 0.265941
2021 0.531519 0.363265
2026 0.555601 0.504399
2031 0.504172 0.484853
2036 0.456281 0.470884
2041 0.485941 0.40839
2046 0.476961 0.402721
2051 0.487664 0.379184
2056 0.518095 0.334331
2061 0.521179 0.241905
2066 0.528889 0.185578
2071 0.536508 0.150884
2076 0.528209 0.106939
2081 0.52449 0.0545578
2086 0.530839 0.0627211
2091 0.533333 0.0458957
2096 0.534331 0.0373243
2101 0.540998 0.0637642
2106 0.549751 0.0705215
2111 0.546349 0.119728
2116 0.521497 0.200816
2121 0.510159 0.200635
2126 0.515374 0.298776
2131 0.527982 0.300136
2136 0.508254 0.382993
2141 0.491338 0.327029
2146 0.460499 0.348617
2151 0.443719 0.36381
2156 0.462721 0.325986
2161 0.484354 0.369252
2166 0.524172 0.402948
2171 0.508073 0.33415
2176 0.505896 0.343537
2181 0.500454 0.379683
2186 0.548209 0.280952
2191 0.554059 0.222585
2196 0.538685 0.147392
2201 0.539592 0.104308
2206 0.54322 0.0706576
2211 0.540272 0.0470295
2216 0.538957 0.0178231
2221 0.538866 0.0361905
2226 0.53873 0.0292517
2231 0.53932 0.0297506
2236 0.537778 0.101224
2241 0.537279 0.0391383
2246 0.537234 0.0274376
2251 0.537234 0.0463492
2256 0.538413 0.0486168
2261 0.537959 0.0610884
2266 0.537778 0.0629025
2271 0.556009 0.116689
2276 0.557642 0.18576
2281 0.529887 0.243583
2286 0.522177 0.243855
2291 0.495329 0.26127
2296 0.499093 0.275193
2301 0.531791 0.301315
2306 0.542585 0.293424
2311 0.547528 0.280998
2316 0.540998 0.279637
2321 0.525624 0.294739
2326 0.527846 0.287256
2331 0.531338 0.182585
2336 0.533923 0.183628
2341 0.542766 0.141361
2346 0.54322 0.120816
2351 0.540181 0.0955102
2356 0.538912 0.127347
2361 0.538277 0.113968
2366 0.535873 0.100726
2371 0.538141 0.114467
2376 0.541406 0.0889342
2381 0.543946 0.11678
2386 0.568345 0.107664
2391 0.580363 0.182222
2396 0.53161 0.202132
2401 0.491655 0.242948
2406 0.460091 0.23873
2411 0.504218 0.234422
2416 0.539093 0.199002
2421 0.549252 0.142676
2426 0.544853 0.073288
2431 0.53619 0.0430839
2436 0.561633 0.0591837
2441 0.559048 0.140499
2446 0.544807 0.175556
2451 0.525986 0.159138
2456 0.51551 0.177914
2461 0.567029 0.172381
2466 0.554921 0.13551
2471 0.547528 0.106757
2476 0.546848 0.0654422
2481 0.549478 0.0776871
2486 0.549433 0.0970975
2491 0.541723 0.104943
2496 0.539456 0.102177
2501 0.544581 0.109025
2506 0.551519 0.116236
2511 0.56898 0.0982766
2516 0.58068 0.185351
2521 0.559637 0.266531
2526 0.521179 0.254512
2531 0.510748 0.268889
2536 0.485351 0.248889
2541 0.489025 0.289887
2546 0.538685 0.298413
2551 0.570567 0.316735
2556 0.571474 0.19619
2561 0.562177 0.102721
2566 0.542449 0.0913832
2571 0.543537 0.0337868
2576 0.544807 0.170249
2581 0.545306 0.252834
2586 0.550068 0.27619
2591 0.549161 0.235329
2596 0.548707 0.333651
2601 0.548571 0.296644
2606 0.548526 0.319456
2611 0.548163 0.300816
2616 0.547755 0.256054
2621 0.54771 0.162993
2626 0.554966 0.0179138
2631 0.564444 0.0791837
2636 0.551746 0.135329
2641 0.563175 0.2122
2646 0.577732 0.316463
2651 0.535918 0.439819
2656 0.541451 0.504399
2661 0.540907 0.526077
2666 0.490567 0.537052
2671 0.466712 0.50839
2676 0.493333 0.419955
2681 0.540091 0.382086
2686 0.584354 0.362721
2691 0.588118 0.303628
2696 0.56 0.251519
2701 0.534921 0.201769
2706 0.527664 0.192381
2711 0.519093 0.118186
2716 0.510884 0.102585
2721 0.507528 0.106077
2726 0.507392 0.103175
2731 0.519365 0.127438
2736 0.540998 0.131429
2741 0.53932 0.138458
2746 0.534467 0.167755
2751 0.539592 0.162993
2756 0.527982 0.194558
2761 0.53093 0.235102
2766 0.530113 0.245215
2771 0.521769 0.264626
2776 0.51356 0.261451
2781 0.508571 0.249206
2786 0.509252 0.283537
2791 0.50576 0.287755
2796 0.506395 0.285079
2801 0.50458 0.286258
2806 0.51102 0.178005
2811 0.513651 0.194875
2816 0.515329 0.158277
2821 0.516009 0.109116
2826 0.515419 0.0634014
2831 0.515193 0.0696599
2836 0.51424 0.307755
2841 0.513107 0.0721088
2846 0.515556 0.0614059
2851 0.519864 0.0836735
2856 0.520091 0.0897052
2861 0.516961 0.0886168
2866 0.519093 0.0902494
2871 0.51873 0.10059
2876 0.519728 0.0895238
2881 0.523855 0.0840816
2886 0.516372 0.139456
2891 0.512426 0.106395
2896 0.506757 0.146667
2901 0.508118 0.1161
2906 0.505533 0.121406
2911 0.510249 0.144263
2916 0.511202 0.110113
2921 0.509342 0.142268
2926 0.511701 0.109297
2931 0.510748 0.136236
2936 0.507392 0.203311
2941 0.509524 0.13619
2946 0.514966 0.111565
2951 0.523084 0.101542
2956 0.51619 0.139864
2961 0.482313 0.147029
2966 0.468707 0.162268
2971 0.457143 0.196689
2976 0.456508 0.227166
2981 0.455238 0.209887
2986 0.457778 0.255465
2991 0.472698 0.302766
2996 0.485351 0.31873
3001 0.511791 0.358458
3006 0.526349 0.409569
3011 0.529887 0.464853
3016 0.537732 0.496825
3021 0.556599 0.427574
3026 0.565034 0.319955
3031 0.576735 0.338639
3036 0.592426 0.267982
3041 0.573107 0.351519
3046 0.555238 0.262721
3051 0.546395 0.261497
3056 0.535782 0.236009
3061 0.541043 0.281134
3066 0.54585 0.24839
3071 0.553515 0.321224
3076 0.561542 0.244717
3081 0.567256 0.173469
3086 0.566984 0.207166
3091 0.577778 0.222585
3096 0.588027 0.22966
3101 0.589342 0.210703
3106 0.588299 0.21746
3111 0.585533 0.197007
3116 0.577188 0.152063
3121 0.577234 0.215102
3126 0.571247 0.154694
3131 0.568889 0.17424
3136 0.573107 0.124308
3141 0.575828 0.136009
3146 0.577052 0.149206
3151 0.581905 0.133288
3156 0.586168 0.135283
3161 0.588708 0.2278
3166 0.587166 0.17424
3171 0.590476 0.138639
3176 0.586803 0.183855
3181 0.590748 0.1078
3186 0.590658 0.23034
3191 0.59093 0.165215
3196 0.596553 0.157506
3201 0.597234 0.195465
3206 0.601088 0.142676
3211 0.602948 0.244762
3216 0.60195 0.160181
3221 0.599365 0.112517
3226 0.599909 0.0356916
3231 0.600181 0.0964626
3236 0.600045 0.160317
3241 0.6 0.0390023
3246 0.600907 0.0692517
3251 0.598005 0.0496599
3256 0.596145 0.0454875
3261 0.601361 0.0521542
3266 0.60322 0.0306576
3271 0.605079 0.0627211
3276 0.604626 0.0490249
3281 0.605215 0.0950113
3286 0.608254 0.174467
3291 0.606712 0.0343764
3296 0.606077 0.0795465
3301 0.603401 0.0428118
3306 0.605125 0.0929705
3311 0.601497 0.0910204
3316 0.600363 0.0607256
3321 0.597687 0.0989569
3326 0.596871 0.097415
3331 0.600726 0.0949206
3336 0.598277 0.104172
3341 0.596508 0.144263
3346 0.599229 0.0968708
3351 0.599184 0.0833107
3356 0.597415 0.0936961
3361 0.594739 0.110884
3366 0.594694 0.0922903
3371 0.59619 0.127166
3376 0.595646 0.0651701
3381 0.595601 0.0604989
3386 0.595601 0.0961905
3391 0.59551 0.163764
3396 0.595374 0.0406803
3401 0.59542 0.0561905
3406 0.595238 0.0497052
3411 0.595737 0.207075
3416 0.5961 0.0857143
3421 0.59619 0.08839
3426 0.595918 0.143401
3431 0.59542 0.0595918
3436 0.605941 0.28576
3441 0.60576 0.228481
3446 0.605624 0.0897959
3451 0.606939 0.0453515
3456 0.608254 0.103719
3461 0.607302 0.258141
3466 0.607438 0.0752381
3471 0.606893 0.0531973
3476 0.607166 0.0749206
3481 0.60644 0.0585034
3486 0.606848 0.120726
3491 0.605896 0.0137868
3496 0.607483 0.110385
3501 0.608027 0.148345
3506 0.607438 0.0770975
3511 0.609025 0.268571
3516 0.610295 0.115465
3521 0.609252 0.0238095
3526 0.608254 0.197868
3531 0.608889 0.183084
3536 0.607664 0.250975
3541 0.607029 0.0321542
3546 0.607664 0.0401361
3551 0.606893 0.101542
3556 0.607619 0.128345
3561 0.606531 0.201406
3566 0.606122 0.100454
3571 0.607075 0.103265
3576 0.606213 0.0348299
3581 0.606803 0.0829478
3586 0.606939 0.213107
3591 0.606531 0.0250794
3596 0.606893 0.0761451
3601 0.605578 0.164082
3606 0.607302 0.0995465
3611 0.607166 0.0395465
3616 0.607392 0.03678
3621 0.606122 0.124218
3626 0.6078 0.0818594
3631 0.608073 0.0447619
3636 0.610612 0.0418141
3641 0.612154 0.0392744
3646 0.60966 0.0453968
3651 0.607256 0.0307483
3656 0.603673 0.0372789
3661 0.603537 0.0313832
3666 0.603537 0.0377324
3671 0.603356 0.074966
3676 0.601315 0.0407256
3681 0.603447 0.0379592
3686 0.602676 0.0355556
3691 0.603537 0.0401361
3696 0.60322 0.0719728
3701 0.600862 0.0831292
3706 0.606122 0.0839456
3711 0.606757 0.0876644
3716 0.609569 0.0964626
3721 0.609388 0.172154
3726 0.609478 0.0962358
3731 0.610159 0.129433
3736 0.610249 0.118957
3741 0.609252 0.117914
3746 0.610748 0.244308
3751 0.608073 0.145397
3756 0.607029 0.109569
3761 0.606803 0.105442
3766 0.605442 0.0219955
3771 0.60068 0.0473923
3776 0.599138 0.0748299
3781 0.603129 0.112154
3786 0.606032 0.0800907
3791 0.60907 0.0560998
3796 0.613061 0.14839
3801 0.61288 0.122721
3806 0.613515 0.126667
3811 0.617052 0.130612
3816 0.622993 0.142494
3821 0.637596 0.282948
3826 0.639819 0.030068
3831 0.643311 0.0154649
3836 0.645488 0.0169161
3841 0.646213 0.0218141
3846 0.64898 0.0567347
3851 0.648753 0.0293424
3856 0.649252 0.0488889
3861 0.648798 0.0311565
3866 0.644671 0.0710204
3871 0.648073 0.00408163
3876 0.647302 0.150567
3881 0.647755 0.0505215
3886 0.649297 0.0509751
3891 0.6478 0.126531
3896 0.64195 0.0890703
3901 0.638277 0.0456689
3906 0.645624 0.0628118
3911 0.646259 0.0643537
3916 0.645669 0.0754195
3921 0.645533 0.100227
3926 0.644853 0.0499773
3931 0.64263 0.0409524
3936 0.645125 0.0543764
3941 0.642902 0.03678
3946 0.646122 0.1561
3951 0.645397 0.0560544
3956 0.643855 0.0879365
3961 0.642222 0.0360998
3966 0.642449 0.0533333
3971 0.645442 0.0409977
3976 0.645261 0.179773
3981 0.64458 0.0666667
3986 0.641179 0.0285261
3991 0.646395 0.0378231
3996 0.645896 0.254467
4001 0.646712 0.147528
4006 0.64644 0.0607256
4011 0.646032 0.148209
4016 0.64576 0.0354195
4021 0.645397 0.0489342
4026 0.638005 0.0189569
4031 0.635873 0.0253061
4036 0.638458 0.0259864
4041 0.639048 0.044263
4046 0.64322 0.0820408
4051 0.643175 0.0321088
4056 0.644218 0.1639
4061 0.644218 0.0720635
4066 0.643447 0.0311111
4071 0.641587 0.0970975
4076 0.640544 0.0278458
4081 0.643356 0.0311111
4086 0.646304 0.0580045
4091 0.643855 0.0463946
4096 0.646667 0.105896
4101 0.650476 0.101134
4106 0.650748 0.0721542
4111 0.650522 0.0574603
4116 0.648708 0.0126984
4121 0.651247 0.0350113
4126 0.652381 0.0406349
4131 0.650023 0.265125
4136 0.649206 0.127755
4141 0.651111 0.268934
4146 0.655465 0.313061
4151 0.655828 0.329025
4156 0.654921 0.351519
4161 0.65746 0.3478
4166 0.667392 0.282086
4171 0.641088 0.384762
4176 0.684762 0.35483
4181 0.690385 0.237098
4186 0.690522 0.267755
4191 0.696236 0.340091
4196 0.699773 0.258141
4201 0.698322 0.382721
4206 0.698866 0.514512
4211 0.696599 0.598594
4216 0.688844 0.808209
4221 0.69483 0.700998
4226 0.688798 0.809025
4231 0.669796 0.790612
4236 0.641134 0.790295
4241 0.628662 0.778821
4246 0.623492 0.785578
4251 0.585397 0.76839
4256 0.559683 0.649478
4261 0.564762 0.788209
4266 0.575828 0.429524
4271 0.590159 0.870884
4276 0.597596 0.833787
4281 0.581088 0.866893
4286 0.585261 0.841859
4291 0.609116 0.741315
4296 0.618413 0.87873
4301 0.620272 0.889705
4306 0.63941 0.935873
4311 0.618231 0.929569
4316 0.603129 0.910068
4321 0.59356 0.79932
4326 0.55678 0.829206
4331 0.508844 0.837868
4336 0.494059 0.851202
4341 0.463719 0.789887
4346 0.473152 0.803764
4351 0.48381 0.877234
4356 0.505306 0.861859
4361 0.543537 0.901723
4366 0.525805 0.887166
4371 0.525714 0.85102
4376 0.538095 0.842131
4381 0.55102 0.833288
4386 0.551383 0.856553
4391 0.549433 0.695828
4396 0.544581 0.849478
4401 0.503084 0.808027
4406 0.48898 0.722177
4411 0.531292 0.720363
4416 0.55737 0.758141
4421 0.546576 0.713197
4426 0.524807 0.840408
4431 0.521587 0.812018
4436 0.558549 0.849297
4441 0.614603 0.819093
4446 0.620045 0.799184
4451 0.632245 0.700816
4456 0.607574 0.742041
4461 0.604036 0.723311
4466 0.610794 0.744444
4471 0.64068 0.679365
4476 0.61932 0.764354
4481 0.569388 0.751156
4486 0.547755 0.73873
4491 0.549161 0.794104
4496 0.543628 0.781723
4501 0.581361 0.777732
4506 0.565714 0.711474
4511 0.543084 0.710295
4516 0.56263 0.727528
4521 0.565034 0.787166
4526 0.580499 0.693605
4531 0.57356 0.694014
4536 0.573288 0.741043
4541 0.607075 0.779728
4546 0.621678 0.786395
4551 0.578685 0.79678
4556 0.528345 0.804127
4561 0.522585 0.834331
4566 0.544535 0.848118
4571 0.575692 0.786803
4576 0.558866 0.812381
4581 0.520499 0.798413
4586 0.542449 0.686984
4591 0.595918 0.75483
4596 0.623492 0.75093
4601 0.602404 0.662902
4606 0.589297 0.540317
4611 0.563719 0.654921
4616 0.547528 0.585896
4621 0.529887 0.650204
4626 0.523311 0.653878
4631 0.517188 0.60517
4636 0.513016 0.682313
4641 0.497506 0.701406
4646 0.538594 0.71619
4651 0.571973 0.659683
4656 0.574875 0.684444
4661 0.575782 0.683084
4666 0.576916 0.667166
4671 0.533152 0.624671
4676 0.500227 0.542177
4681 0.47805 0.569161
4686 0.499909 0.608934
4691 0.539501 0.570658
4696 0.523583 0.595102
4701 0.520091 0.579592
4706 0.498912 0.586576
4711 0.489751 0.620272
4716 0.512744 0.666803
4721 0.559274 0.679048
4726 0.539546 0.717778
4731 0.544399 0.745533
4736 0.486621 0.717596
4741 0.478458 0.62576
4746 0.494422 0.631383
4751 0.482222 0.555465
4756 0.473197 0.541134
4761 0.513923 0.514785
4766 0.539229 0.415419
4771 0.560907 0.321497
4776 0.569433 0.325896
4781 0.546848 0.190476
4786 0.533651 0.204807
4791 0.520408 0.111519
4796 0.524762 0.0624036
4801 0.526122 0.00888889
4806 0.52458 0.264671
4811 0.526757 0.219683
4816 0.531474 0.417234
4821 0.53873 0.372517
4826 0.538866 0.249705
4831 0.538186 0.263265
4836 0.539002 0.276327
4841 0.53932 0.169751
4846 0.539274 0.0129252
4851 0.539456 0.0146032
4856 0.540499 0.0918821
4861 0.541633 0.256599
4866 0.541043 0.116916
4871 0.541633 0.153016
4876 0.541905 0.115329
4881 0.541859 0.0975057
4886 0.542041 0.291293
4891 0.542721 0.161769
4896 0.542948 0.0979138
4901 0.544943 0.0102041
4906 0.544535 0.0189116
4911 0.542313 0.0264853
4916 0.541542 0.0227211
4921 0.568073 0.0755102
4926 0.569297 0.144036
4931 0.571519 0.208481
4936 0.536417 0.239728
4941 0.491293 0.318503
4946 0.518413 0.317642
4951 0.48254 0.293333
4956 0.490431 0.26254
4961 0.532562 0.243401
4966 0.549252 0.189796
4971 0.571202 0.193197
4976 0.582358 0.241769
4981 0.564898 0.28517
4986 0.54966 0.271565
4991 0.51941 0.288844
4996 0.517642 0.324989
5001 0.525488 0.272744
5006 0.573696 0.276508
5011 0.573243 0.247755
5016 0.553696 0.131202
5021 0.539773 0.115782
5026 0.539592 0.126349
5031 0.537234 0.0896145
5036 0.534059 0.0975964
5041 0.533923 0.10254
5046 0.541587 0.138821
5051 0.560544 0.113832
5056 0.554785 0.145306
5061 0.541814 0.202449
5066 0.511791 0.230068
5071 0.508073 0.295329
5076 0.494422 0.3322
5081 0.477687 0.299501
5086 0.47619 0.302132
5091 0.492971 0.226077
5096 0.512608 0.248934
5101 0.539138 0.26585
5106 0.562268 0.257914
5111 0.563447 0.172109
5116 0.558594 0.146848
5121 0.543991 0.104172
5126 0.54263 0.0534694
5131 0.551066 0.0823129
5136 0.554286 0.350658
5141 0.555329 0.258821
5146 0.555102 0.302585
5151 0.554467 0.235556
5156 0.554195 0.234014
5161 0.555057 0.294059
5166 0.554286 0.200998
5171 0.554875 0.152653
5176 0.554558 0.248844
5181 0.55542 0.302268
5186 0.554649 0.267211
5191 0.555057 0.246304
5196 0.553424 0.257959
5201 0.552971 0.313469
5206 0.552925 0.209887
5211 0.552789 0.275782
5216 0.552608 0.185261
5221 0.551247 0.20966
5226 0.550884 0.273424
5231 0.551293 0.217279
5236 0.551927 0.27483
5241 0.551338 0.211383
5246 0.552834 0.189388
5251 0.553742 0.351111
5256 0.560408 0.0206349
5261 0.576372 0.074966
5266 0.566395 0.130068
5271 0.536372 0.160136
5276 0.522404 0.158866
5281 0.508481 0.176961
5286 0.553424 0.147029
5291 0.5039 0.156236
5296 0.515011 0.218231
5301 0.520907 0.331519
5306 0.509433 0.397007
5311 0.499637 0.373197
5316 0.487392 0.308299
5321 0.473243 0.222041
5326 0.462358 0.182041
5331 0.466531 0.168753
5336 0.475964 0.189932
5341 0.483583 0.211927
5346 0.491837 0.223764
5351 0.484082 0.221995
5356 0.497279 0.278821
5361 0.514966 0.339637
5366 0.51415 0.331111
5371 0.504898 0.376871
5376 0.502313 0.33737
5381 0.483265 0.352562
5386 0.485215 0.367347
5391 0.511474 0.383946
5396 0.533651 0.420408
5401 0.536871 0.378639
5406 0.543401 0.271973
5411 0.551565 0.187256
5416 0.556417 0.250295
5421 0.56517 0.231474
5426 0.565442 0.260998
5431 0.560544 0.279365
5436 0.561406 0.296236
5441 0.567075 0.330612
5446 0.569751 0.30127
5451 0.565442 0.34059
5456 0.549796 0.266485
5461 0.535329 0.255283
5466 0.517506 0.247574
5471 0.502268 0.236689
5476 0.495465 0.225896
5481 0.500998 0.164671
5486 0.513878 0.204898
5491 0.525896 0.16907
5496 0.540816 0.174422
5501 0.546168 0.181769
5506 0.557097 0.18
5511 0.558685 0.123175
5516 0.553923 0.151429
5521 0.551066 0.211429
5526 0.554921 0.169025
5531 0.571882 0.113016
5536 0.586349 0.183855
5541 0.600862 0.151293
5546 0.620136 0.123084
5551 0.627392 0.144898
5556 0.624898 0.151293
5561 0.615329 0.160998
5566 0.616145 0.189977
5571 0.61941 0.221723
5576 0.634966 0.213832
5581 0.639229 0.225578
5586 0.649342 0.239229
5591 0.660907 0.200045
5596 0.659184 0.189932
5601 0.656689 0.17737
5606 0.655102 0.157596
5611 0.659683 0.106531
5616 0.658322 0.107256
5621 0.66059 0.119456
5626 0.663946 0.0936508
5631 0.665986 0.115782
5636 0.666395 0.10322
5641 0.668753 0.0987302
5646 0.674376 0.162358
5651 0.67551 0.123673
5656 0.675646 0.108254
5661 0.676281 0.13093
5666 0.679864 0.11619
5671 0.68322 0.187483
5676 0.683311 0.115737
5681 0.683129 0.105533
5686 0.686757 0.11288
5691 0.687664 0.104354
5696 0.680272 0.218413
5701 0.682494 0.1678
5706 0.687936 0.164172
5711 0.689297 0.1522
5716 0.692925 0.240771
5721 0.695873 0.207574
5726 0.695692 0.0896599
5731 0.695329 0.119093
5736 0.697596 0.0644444
