frame_number static_density dynamic_density
1 0.410907 0.214093
6 0.40869 0.189959
11 0.438481 0.135754
16 0.464526 0.109939
21 0.470999 0.113048
26 0.460245 0.127166
31 0.460958 0.121738
36 0.466284 0.128568
41 0.463048 0.13973
46 0.451325 0.153287
51 0.449388 0.143858
56 0.440979 0.140545
61 0.438201 0.13629
66 0.438226 0.0381753
71 0.438787 0.0437054
76 0.438787 0.0376402
81 0.439271 0.0640163
86 0.440494 0.0847095
91 0.447681 0.108563
96 0.458588 0.172604
101 0.481677 0.152931
106 0.490724 0.146713
111 0.489348 0.156116
116 0.484251 0.163379
121 0.493833 0.206065
126 0.505403 0.231626
131 0.515443 0.221891
136 0.524261 0.213048
141 0.520107 0.241157
146 0.505989 0.245362
151 0.498955 0.219699
156 0.491845 0.224618
161 0.486366 0.213226
166 0.483486 0.198318
171 0.477013 0.204638
176 0.473445 0.201555
181 0.474669 0.188914
186 0.474159 0.173395
191 0.474388 0.144572
196 0.474108 0.149669
201 0.476529 0.0488022
206 0.47788 0.0606014
211 0.479103 0.0550204
216 0.479154 0.0535933
221 0.478135 0.15158
226 0.476758 0.0545107
231 0.477268 0.0484455
236 0.478899 0.051631
241 0.475484 0.0672528
246 0.473216 0.0368502
251 0.473012 0.0438073
256 0.473828 0.0220183
261 0.475408 0.0341998
266 0.475714 0.0555301
271 0.475535 0.138889
276 0.475612 0.0519368
281 0.473573 0.0263761
286 0.472808 0.054791
291 0.472655 0.0753058
296 0.474363 0.0458461
301 0.480071 0.0740826
306 0.480912 0.0586646
311 0.482569 0.0835372
316 0.486315 0.0778287
321 0.484072 0.247197
326 0.483792 0.120133
331 0.484964 0.158053
336 0.485092 0.0534149
341 0.486748 0.0720948
346 0.487105 0.0326453
351 0.492482 0.0349134
356 0.498547 0.0299949
361 0.501606 0.037105
366 0.495005 0.026682
371 0.486009 0.0512232
376 0.485194 0.0246432
381 0.485958 0.0232161
386 0.483359 0.0385321
391 0.481932 0.0875892
396 0.483308 0.112334
401 0.495107 0.100306
406 0.506549 0.102497
411 0.5145 0.101019
416 0.514016 0.153925
421 0.518629 0.172885
426 0.536927 0.178925
431 0.553084 0.205326
436 0.565316 0.21603
441 0.569393 0.205759
446 0.581142 0.229332
451 0.585729 0.280963
456 0.58262 0.28713
461 0.585245 0.347706
466 0.590189 0.352803
471 0.592406 0.347503
476 0.592482 0.372095
481 0.595362 0.364195
486 0.594037 0.307594
491 0.591871 0.316157
496 0.585754 0.325663
501 0.584225 0.0251529
506 0.57867 0.0708716
511 0.579613 0.0936035
516 0.586672 0.106957
521 0.596611 0.150968
526 0.612844 0.0910805
531 0.625382 0.0865698
536 0.636901 0.102013
541 0.641616 0.113812
546 0.642839 0.12579
551 0.64289 0.129562
556 0.643833 0.134123
561 0.639653 0.157288
566 0.636009 0.328568
571 0.63262 0.320031
576 0.633231 0.0325178
581 0.633741 0.100306
586 0.635423 0.107798
591 0.641871 0.10051
596 0.651758 0.121534
601 0.658308 0.134913
606 0.666488 0.161289
611 0.675127 0.159582
616 0.680097 0.163201
621 0.684225 0.192635
626 0.685856 0.169215
631 0.687921 0.177294
636 0.689781 0.190851
641 0.689628 0.158741
646 0.687691 0.154383
651 0.688303 0.108512
656 0.686927 0.115622
661 0.685219 0.124949
666 0.683818 0.123598
671 0.680708 0.170515
676 0.681932 0.133206
681 0.680046 0.167125
686 0.678007 0.157875
691 0.677396 0.145897
696 0.677115 0.271713
701 0.678389 0.192304
706 0.674439 0.188456
711 0.673598 0.20948
716 0.672706 0.230224
721 0.669776 0.283384
726 0.66975 0.26445
731 0.66998 0.162793
736 0.668298 0.271458
741 0.668731 0.0230377
746 0.668145 0.142431
751 0.668476 0.0213812
756 0.666845 0.176504
761 0.667635 0.179893
766 0.667431 0.0974771
771 0.665443 0.101172
776 0.665902 0.235449
781 0.666514 0.0463558
786 0.665494 0.0530326
791 0.664424 0.0157492
796 0.662666 0.0455912
801 0.661366 0.0348879
806 0.660576 0.0471203
811 0.659276 0.0784149
816 0.66213 0.0896789
821 0.661264 0.27077
826 0.662971 0.0811672
831 0.664857 0.0478848
836 0.664857 0.151019
841 0.664195 0.0518094
846 0.663838 0.235423
851 0.665112 0.0316259
856 0.666157 0.0988022
861 0.666004 0.0327472
866 0.665138 0.0955148
871 0.66738 0.100459
876 0.667227 0.0632263
881 0.663965 0.0817023
886 0.663099 0.0772681
891 0.664246 0.0550459
896 0.665826 0.0244903
901 0.665877 0.0420489
906 0.66552 0.240877
911 0.664679 0.026631
916 0.664322 0.0303772
921 0.664195 0.045897
926 0.664195 0.147579
931 0.664857 0.225994
936 0.665443 0.0811417
941 0.668017 0.0346585
946 0.668578 0.0361366
951 0.667839 0.0506371
956 0.666284 0.190571
961 0.666514 0.117661
966 0.667278 0.135066
971 0.666794 0.0413354
976 0.666769 0.0264781
981 0.666896 0.162462
986 0.667431 0.0795872
991 0.667202 0.0679918
996 0.667049 0.0500255
1001 0.668756 0.10762
1006 0.669852 0.137742
1011 0.666845 0.0582824
1016 0.666437 0.0507645
1021 0.666004 0.0518603
1026 0.66552 0.0530326
1031 0.665698 0.0595311
1036 0.664348 0.135703
1041 0.663812 0.0794597
1046 0.664067 0.0578491
1051 0.664246 0.0662589
1056 0.66422 0.0539246
1061 0.663685 0.0699032
1066 0.66287 0.0458206
1071 0.663099 0.0441896
1076 0.663863 0.0413609
1081 0.663405 0.0548165
1086 0.662538 0.17737
1091 0.66185 0.0496687
1096 0.662054 0.0574669
1101 0.660576 0.0525994
1106 0.660703 0.0541284
1111 0.660856 0.126682
1116 0.660958 0.0804026
1121 0.66134 0.0795107
1126 0.66134 0.0576198
1131 0.665087 0.0490061
1136 0.666743 0.0634811
1141 0.667431 0.0642966
1146 0.667559 0.0462538
1151 0.667304 0.0519113
1156 0.663481 0.0569317
1161 0.667992 0.152752
1166 0.666514 0.0801478
1171 0.665316 0.0739042
1176 0.664118 0.0788226
1181 0.662717 0.0624363
1186 0.660831 0.0759429
1191 0.661595 0.0313201
1196 0.662589 0.023318
1201 0.662487 0.0198012
1206 0.661774 0.0648063
1211 0.661952 0.198751
1216 0.660831 0.0642712
1221 0.66078 0.0703109
1226 0.661595 0.153211
1231 0.663609 0.0345056
1236 0.662283 0.0583078
1241 0.663507 0.0392712
1246 0.664118 0.0412844
1251 0.662283 0.0643986
1256 0.66236 0.046789
1261 0.66106 0.0956422
1266 0.661188 0.0288226
1271 0.661723 0.0426351
1276 0.662946 0.0360092
1281 0.663583 0.0476045
1286 0.661009 0.0623853
1291 0.661239 0.034633
1296 0.661952 0.0514781
1301 0.664246 0.0463303
1306 0.665112 0.041106
1311 0.6658 0.095209
1316 0.662997 0.0519878
1321 0.661876 0.0647044
1326 0.661595 0.0301478
1331 0.662436 0.0295107
1336 0.661927 0.205352
1341 0.663252 0.1079
1346 0.662793 0.0773955
1351 0.666081 0.0626656
1356 0.667202 0.0670234
1361 0.664985 0.0864169
1366 0.662029 0.0641182
1371 0.663073 0.0637105
1376 0.662768 0.0515291
1381 0.661417 0.0415392
1386 0.661978 0.0508919
1391 0.662717 0.0444954
1396 0.660321 0.0344037
1401 0.661519 0.0288226
1406 0.662487 0.0361621
1411 0.662029 0.0464577
1416 0.664042 0.108308
1421 0.66371 0.0857034
1426 0.665036 0.207008
1431 0.667151 0.282441
1436 0.672401 0.286927
1441 0.685219 0.364373
1446 0.691233 0.42235
1451 0.697018 0.45316
1456 0.709659 0.455454
1461 0.716871 0.474924
1466 0.716157 0.484633
1471 0.70976 0.621177
1476 0.707314 0.372681
1481 0.704001 0.324771
1486 0.70423 0.598369
1491 0.713048 0.50739
1496 0.70711 0.667762
1501 0.697859 0.781193
1506 0.702676 0.83211
1511 0.703823 0.880887
1516 0.689501 0.868349
1521 0.709862 0.848751
1526 0.693603 0.860449
1531 0.682594 0.789424
1536 0.662946 0.824694
1541 0.656422 0.833843
1546 0.67421 0.747171
1551 0.67551 0.812105
1556 0.67449 0.799822
1561 0.682849 0.804638
1566 0.666896 0.827141
1571 0.649312 0.834659
1576 0.631524 0.727141
1581 0.611748 0.800866
1586 0.609659 0.778186
1591 0.639679 0.64842
1596 0.638226 0.81078
1601 0.651223 0.685831
1606 0.662283 0.727625
1611 0.661417 0.798496
1616 0.663685 0.78866
1621 0.669011 0.78341
1626 0.663175 0.587309
1631 0.649083 0.694495
1636 0.672299 0.679358
1641 0.685984 0.513303
1646 0.70818 0.788991
1651 0.693552 0.718858
1656 0.681473 0.779179
1661 0.666921 0.754791
1666 0.681269 0.737309
1671 0.654281 0.754358
1676 0.622426 0.775484
1681 0.639526 0.747273
1686 0.652574 0.694546
1691 0.706269 0.713073
1696 0.695846 0.687181
1701 0.671152 0.607875
1706 0.655607 0.532238
1711 0.673777 0.644546
1716 0.699134 0.585321
1721 0.724822 0.620107
1726 0.745464 0.592635
1731 0.714118 0.600535
1736 0.642966 0.661468
1741 0.618017 0.641514
1746 0.607594 0.669139
1751 0.585729 0.651198
1756 0.542304 0.625586
1761 0.481269 0.616616
1766 0.488379 0.62974
1771 0.50265 0.47105
1776 0.514679 0.60604
1781 0.557543 0.597299
1786 0.542355 0.573242
1791 0.541692 0.54633
1796 0.511952 0.527931
1801 0.45525 0.507875
1806 0.444801 0.574363
1811 0.502319 0.518094
1816 0.524822 0.541641
1821 0.507977 0.517915
1826 0.486417 0.468323
1831 0.477523 0.524108
1836 0.496254 0.492202
1841 0.498012 0.449032
1846 0.515494 0.424771
1851 0.497885 0.352931
1856 0.465163 0.301707
1861 0.441769 0.285576
1866 0.481906 0.290163
1871 0.501274 0.343986
1876 0.507747 0.384684
1881 0.504689 0.42026
1886 0.501758 0.479562
1891 0.53239 0.486417
1896 0.518705 0.559913
1901 0.515749 0.56106
1906 0.583843 0.639908
1911 0.599592 0.569495
1916 0.629817 0.474592
1921 0.585754 0.518272
1926 0.517074 0.532008
1931 0.447044 0.418935
1936 0.4 0.327319
1941 0.380377 0.336035
1946 0.377905 0.3184
1951 0.348802 0.279485
1956 0.356397 0.178568
1961 0.375459 0.171126
1966 0.361595 0.120362
1971 0.358945 0.0925586
1976 0.364628 0.0243629
1981 0.371763 0.0478338
1986 0.387742 0.0374363
1991 0.386442 0.0465087
1996 0.387615 0.0267074
2001 0.387946 0.0655963
2006 0.337385 0.0817278
2011 0.431218 0.183053
2016 0.480581 0.230581
2021 0.494699 0.193196
2026 0.592635 0.443909
2031 0.622757 0.484659
2036 0.585499 0.418731
2041 0.537717 0.382212
2046 0.416616 0.350561
2051 0.373445 0.326376
2056 0.354256 0.275
2061 0.333588 0.195107
2066 0.336876 0.192661
2071 0.358206 0.119648
2076 0.357977 0.0756371
2081 0.361672 0.04763
2086 0.37895 0.0413354
2091 0.381983 0.0345821
2096 0.382212 0.031473
2101 0.383206 0.0588175
2106 0.381932 0.0847859
2111 0.399286 0.123828
2116 0.43555 0.159582
2121 0.465953 0.171228
2126 0.494903 0.233716
2131 0.534506 0.28183
2136 0.563022 0.290443
2141 0.591055 0.286519
2146 0.602905 0.317253
2151 0.581983 0.298089
2156 0.49526 0.268221
2161 0.487717 0.294444
2166 0.507951 0.266004
2171 0.498598 0.21292
2176 0.455657 0.283435
2181 0.419725 0.253568
2186 0.409251 0.182926
2191 0.388583 0.131524
2196 0.381804 0.109659
2201 0.383919 0.0668705
2206 0.390214 0.0572885
2211 0.397681 0.036264
2216 0.400127 0.0182212
2221 0.400637 0.0466106
2226 0.398522 0.0245158
2231 0.398191 0.0225535
2236 0.395413 0.0347604
2241 0.39554 0.0191386
2246 0.395668 0.0176096
2251 0.395617 0.031473
2256 0.397579 0.0316259
2261 0.39814 0.0398318
2266 0.398904 0.0546891
2271 0.382594 0.100382
2276 0.390902 0.162819
2281 0.460041 0.210703
2286 0.494878 0.214475
2291 0.485627 0.223369
2296 0.445082 0.223012
2301 0.417049 0.241972
2306 0.418552 0.23843
2311 0.415877 0.235984
2316 0.394929 0.233767
2321 0.412487 0.226274
2326 0.385372 0.222273
2331 0.392737 0.178033
2336 0.39577 0.13629
2341 0.391284 0.112385
2346 0.391488 0.114628
2351 0.397859 0.0916412
2356 0.414755 0.0966871
2361 0.414169 0.0775739
2366 0.413685 0.0792049
2371 0.410754 0.0824924
2376 0.402931 0.0743629
2381 0.400306 0.0854485
2386 0.398573 0.100637
2391 0.440902 0.14526
2396 0.475994 0.155224
2401 0.448344 0.200025
2406 0.427982 0.175178
2411 0.4092 0.157518
2416 0.396764 0.160933
2421 0.397452 0.109888
2426 0.390265 0.0662334
2431 0.395744 0.0331804
2436 0.402345 0.0512232
2441 0.45446 0.112207
2446 0.45841 0.138863
2451 0.446662 0.134327
2456 0.422655 0.15316
2461 0.421152 0.147859
2466 0.405989 0.114781
2471 0.393272 0.0913609
2476 0.39554 0.0625127
2481 0.418017 0.0598369
2486 0.42105 0.0796891
2491 0.418502 0.0728848
2496 0.415138 0.07421
2501 0.404817 0.079001
2506 0.402752 0.102345
2511 0.399439 0.102625
2516 0.421458 0.13657
2521 0.463252 0.219572
2526 0.480148 0.198369
2531 0.459455 0.212207
2536 0.438558 0.237717
2541 0.413022 0.236009
2546 0.417278 0.251096
2551 0.415979 0.25869
2556 0.40818 0.169419
2561 0.400076 0.112768
2566 0.396126 0.0698012
2571 0.402931 0.0270642
2576 0.405275 0.130428
2581 0.406142 0.171916
2586 0.408767 0.199388
2591 0.408894 0.25446
2596 0.409072 0.23555
2601 0.409735 0.186188
2606 0.410041 0.0778542
2611 0.407161 0.224286
2616 0.407288 0.251988
2621 0.406983 0.195821
2626 0.402523 0.0111876
2631 0.397401 0.067788
2636 0.449439 0.116412
2641 0.472069 0.180352
2646 0.481065 0.292355
2651 0.5092 0.383461
2656 0.508792 0.435117
2661 0.518374 0.469292
2666 0.483486 0.447069
2671 0.446814 0.43527
2676 0.433792 0.374975
2681 0.441769 0.346407
2686 0.468782 0.331753
2691 0.458792 0.246203
2696 0.441463 0.217457
2701 0.428236 0.164246
2706 0.425178 0.15186
2711 0.426453 0.101376
2716 0.423624 0.092686
2721 0.423522 0.0883282
2726 0.420183 0.085474
2731 0.407441 0.108359
2736 0.40632 0.133104
2741 0.434684 0.179893
2746 0.46631 0.20423
2751 0.482951 0.171865
2756 0.478109 0.185576
2761 0.487946 0.224057
2766 0.480352 0.207085
2771 0.469929 0.210321
2776 0.46394 0.223445
2781 0.459174 0.206473
2786 0.452141 0.246967
2791 0.44972 0.254638
2796 0.446177 0.255326
2801 0.441233 0.248012
2806 0.438022 0.235856
2811 0.438736 0.184557
2816 0.43764 0.133053
2821 0.436239 0.0803517
2826 0.437462 0.0945464
2831 0.437844 0.0513761
2836 0.438685 0.0879969
2841 0.441208 0.0706932
2846 0.44419 0.0610601
2851 0.443782 0.0584862
2856 0.442864 0.0753823
2861 0.44238 0.0740571
2866 0.441972 0.0780071
2871 0.442023 0.085423
2876 0.442151 0.0607034
2881 0.44419 0.0638634
2886 0.441437 0.113532
2891 0.446458 0.108563
2896 0.458588 0.0988532
2901 0.461621 0.0998981
2906 0.457594 0.0932212
2911 0.449388 0.11524
2916 0.445923 0.104664
2921 0.44605 0.118552
2926 0.447604 0.101223
2931 0.445515 0.124414
2936 0.44656 0.158308
2941 0.442661 0.125255
2946 0.444011 0.136723
2951 0.445973 0.093476
2956 0.449924 0.135474
2961 0.448955 0.155428
2966 0.468527 0.151529
2971 0.496177 0.181881
2976 0.517278 0.183002
2981 0.537946 0.185984
2986 0.562003 0.236086
2991 0.568858 0.290214
2996 0.562029 0.31185
3001 0.57235 0.361468
3006 0.578364 0.396687
3011 0.58081 0.421891
3016 0.595107 0.476529
3021 0.610984 0.442839
3026 0.624108 0.415138
3031 0.637742 0.245515
3036 0.65711 0.270311
3041 0.671381 0.282798
3046 0.683767 0.229766
3051 0.695031 0.226733
3056 0.711901 0.208155
3061 0.703007 0.24656
3066 0.697069 0.217762
3071 0.698853 0.265214
3076 0.691692 0.249363
3081 0.683945 0.186799
3086 0.678186 0.216514
3091 0.684225 0.198573
3096 0.682034 0.14526
3101 0.680352 0.202115
3106 0.680046 0.190545
3111 0.678644 0.175255
3116 0.687079 0.150382
3121 0.688685 0.156422
3126 0.689985 0.123496
3131 0.689424 0.155403
3136 0.691743 0.10028
3141 0.686621 0.12291
3146 0.684786 0.121509
3151 0.683894 0.125765
3156 0.683002 0.11896
3161 0.678899 0.153466
3166 0.678517 0.119699
3171 0.682161 0.127243
3176 0.679638 0.0658512
3181 0.676121 0.111672
3186 0.670846 0.208537
3191 0.6658 0.108945
3196 0.65739 0.182416
3201 0.652013 0.152192
3206 0.653211 0.139755
3211 0.649414 0.0752548
3216 0.648242 0.101325
3221 0.647171 0.0678644
3226 0.647681 0.0327982
3231 0.647299 0.0706167
3236 0.647273 0.134913
3241 0.645668 0.0532365
3246 0.643654 0.0464577
3251 0.64368 0.035423
3256 0.645005 0.0495668
3261 0.649465 0.0597604
3266 0.649108 0.0359582
3271 0.649414 0.0526758
3276 0.648344 0.0604485
3281 0.646891 0.0416922
3286 0.645285 0.0837411
3291 0.645974 0.0405454
3296 0.645617 0.0323394
3301 0.646509 0.0306065
3306 0.646381 0.076682
3311 0.64419 0.0771407
3316 0.646713 0.0536697
3321 0.646942 0.0772936
3326 0.647452 0.0717635
3331 0.647299 0.083843
3336 0.648191 0.111009
3341 0.646483 0.106371
3346 0.645056 0.0850917
3351 0.645082 0.0767839
3356 0.644037 0.0852446
3361 0.64368 0.081524
3366 0.644317 0.0929154
3371 0.645413 0.0899592
3376 0.6421 0.0437564
3381 0.642788 0.047528
3386 0.642966 0.105836
3391 0.643298 0.056371
3396 0.644062 0.0715087
3401 0.644266 0.0544343
3406 0.645031 0.0550459
3411 0.646432 0.0735474
3416 0.64633 0.0469929
3421 0.647834 0.0658767
3426 0.64763 0.0610601
3431 0.647299 0.0728848
3436 0.649618 0.13787
3441 0.649873 0.0952854
3446 0.650484 0.151529
3451 0.651325 0.0271662
3456 0.650637 0.0711264
3461 0.64791 0.252446
3466 0.649108 0.0366972
3471 0.648955 0.0393221
3476 0.647681 0.0592762
3481 0.64791 0.033792
3486 0.647095 0.0627676
3491 0.647095 0.0232926
3496 0.648089 0.0890418
3501 0.647834 0.0659531
3506 0.647452 0.031422
3511 0.647273 0.196024
3516 0.64814 0.130938
3521 0.647681 0.0791539
3526 0.64842 0.260805
3531 0.647808 0.0605505
3536 0.647095 0.198089
3541 0.647222 0.188889
3546 0.64842 0.0940877
3551 0.649643 0.0860347
3556 0.650765 0.0962793
3561 0.650357 0.170107
3566 0.650866 0.058945
3571 0.649847 0.15683
3576 0.649873 0.0916921
3581 0.650331 0.0485729
3586 0.649516 0.138252
3591 0.651656 0.099159
3596 0.649669 0.0779817
3601 0.648598 0.0537717
3606 0.648522 0.0408002
3611 0.64893 0.0311672
3616 0.649822 0.0364424
3621 0.649618 0.0733945
3626 0.651121 0.075841
3631 0.652982 0.0402905
3636 0.652192 0.0368756
3641 0.652319 0.0333333
3646 0.652345 0.0601427
3651 0.651886 0.0355759
3656 0.650892 0.0253058
3661 0.650917 0.0270387
3666 0.649669 0.021789
3671 0.64791 0.0466361
3676 0.649516 0.0407492
3681 0.648012 0.0368247
3686 0.645999 0.035423
3691 0.648012 0.0465341
3696 0.647324 0.126376
3701 0.647248 0.0326962
3706 0.648012 0.0601937
3711 0.644674 0.0772171
3716 0.644878 0.0926351
3721 0.642712 0.12472
3726 0.642125 0.0960499
3731 0.639628 0.1066
3736 0.639679 0.11106
3741 0.638812 0.0995413
3746 0.638914 0.205989
3751 0.637029 0.120031
3756 0.63792 0.138889
3761 0.638354 0.139602
3766 0.637436 0.0119521
3771 0.637309 0.0324414
3776 0.63634 0.0535678
3781 0.634302 0.0650357
3786 0.633767 0.0591998
3791 0.634047 0.0659276
3796 0.634557 0.107161
3801 0.634786 0.106065
3806 0.633741 0.118043
3811 0.63476 0.120209
3816 0.63476 0.129511
3821 0.64103 0.223547
3826 0.638252 0.0220693
3831 0.636646 0.011366
3836 0.634582 0.0224006
3841 0.632645 0.0252294
3846 0.633129 0.0386595
3851 0.632798 0.0350663
3856 0.633384 0.0366463
3861 0.634786 0.0404434
3866 0.633333 0.0511723
3871 0.636188 0.031422
3876 0.637309 0.0817533
3881 0.640418 0.0482161
3886 0.639526 0.051682
3891 0.638481 0.0536697
3896 0.638787 0.0830275
3901 0.636952 0.0397554
3906 0.636468 0.0637105
3911 0.637411 0.052421
3916 0.636595 0.0625382
3921 0.636927 0.0624618
3926 0.637207 0.0350917
3931 0.637946 0.036366
3936 0.638099 0.0347859
3941 0.636952 0.0222732
3946 0.638277 0.0787462
3951 0.63871 0.0594801
3956 0.638379 0.0300714
3961 0.63973 0.0346585
3966 0.637691 0.0368756
3971 0.64001 0.0486493
3976 0.638277 0.0512487
3981 0.638456 0.02816
3986 0.639195 0.0212538
3991 0.638558 0.0232671
3996 0.63894 0.0590724
4001 0.638914 0.126504
4006 0.63792 0.0224516
4011 0.638965 0.0282365
4016 0.638022 0.0330785
4021 0.637411 0.0502803
4026 0.637462 0.0147299
4031 0.632696 0.027472
4036 0.634276 0.0192151
4041 0.636137 0.031371
4046 0.633639 0.0199796
4051 0.636825 0.138685
4056 0.637615 0.138328
4061 0.63708 0.0399847
4066 0.637462 0.0248981
4071 0.634735 0.0285933
4076 0.63369 0.0216616
4081 0.634378 0.0246687
4086 0.637487 0.0226809
4091 0.637411 0.0268094
4096 0.639016 0.0488532
4101 0.641157 0.106881
4106 0.642074 0.111799
4111 0.642176 0.0891182
4116 0.641488 0.00955657
4121 0.640392 0.0178135
4126 0.642839 0.0377421
4131 0.642966 0.12263
4136 0.643323 0.0982161
4141 0.646483 0.280963
4146 0.65028 0.340953
4151 0.654944 0.315928
4156 0.661137 0.349669
4161 0.660525 0.325892
4166 0.668272 0.298777
4171 0.636213 0.391106
4176 0.679613 0.405734
4181 0.687079 0.300408
4186 0.696152 0.218476
4191 0.699516 0.311417
4196 0.694903 0.0783129
4201 0.689093 0.328899
4206 0.683461 0.378262
4211 0.679026 0.430326
4216 0.690163 0.757085
4221 0.708843 0.809276
4226 0.722477 0.7684
4231 0.738022 0.466361
4236 0.751249 0.691157
4241 0.739628 0.726325
4246 0.744444 0.733078
4251 0.7263 0.684684
4256 0.726784 0.509506
4261 0.723012 0.676682
4266 0.703185 0.724337
4271 0.719699 0.729995
4276 0.709302 0.709633
4281 0.684582 0.688991
4286 0.678517 0.729205
4291 0.673242 0.702268
4296 0.646101 0.561468
4301 0.662105 0.744011
4306 0.646407 0.764399
4311 0.658639 0.809251
4316 0.669521 0.788863
4321 0.660627 0.756091
4326 0.671967 0.747146
4331 0.670031 0.674873
4336 0.680658 0.643986
4341 0.660856 0.730428
4346 0.650841 0.70051
4351 0.661213 0.784658
4356 0.669419 0.665851
4361 0.647503 0.766284
4366 0.63764 0.762513
4371 0.622885 0.741947
4376 0.618629 0.743603
4381 0.575765 0.745515
4386 0.577115 0.744827
4391 0.578619 0.411188
4396 0.579179 0.748624
4401 0.603415 0.728466
4406 0.560627 0.604409
4411 0.515724 0.660092
4416 0.504128 0.691667
4421 0.529307 0.656167
4426 0.542253 0.751707
4431 0.563328 0.763226
4436 0.606193 0.762385
4441 0.615392 0.75502
4446 0.591539 0.753619
4451 0.601325 0.680708
4456 0.566182 0.635907
4461 0.566794 0.635245
4466 0.592431 0.682314
4471 0.610219 0.618298
4476 0.669113 0.64656
4481 0.679256 0.651631
4486 0.65711 0.637462
4491 0.655607 0.673675
4496 0.645515 0.671458
4501 0.625255 0.635041
4506 0.581447 0.642584
4511 0.523063 0.674567
4516 0.527854 0.621789
4521 0.558945 0.56975
4526 0.605658 0.606295
4531 0.626121 0.63002
4536 0.629867 0.64029
4541 0.64972 0.66552
4546 0.672452 0.624592
4551 0.681065 0.689348
4556 0.653542 0.68527
4561 0.669674 0.723777
4566 0.657238 0.704205
4571 0.6434 0.668935
4576 0.61213 0.706473
4581 0.605734 0.72421
4586 0.610372 0.631932
4591 0.608129 0.681116
4596 0.620362 0.657798
4601 0.625026 0.615698
4606 0.646279 0.331677
4611 0.652599 0.601886
4616 0.645311 0.577421
4621 0.638532 0.520438
4626 0.607085 0.401656
4631 0.570056 0.479969
4636 0.547401 0.542457
4641 0.557441 0.524924
4646 0.58025 0.603593
4651 0.577829 0.602319
4656 0.562181 0.620413
4661 0.557747 0.617253
4666 0.591845 0.571279
4671 0.596814 0.601198
4676 0.584455 0.498012
4681 0.524185 0.499796
4686 0.508206 0.464934
4691 0.482569 0.430148
4696 0.463022 0.50711
4701 0.483078 0.480173
4706 0.503313 0.468833
4711 0.526835 0.540647
4716 0.544011 0.569266
4721 0.552243 0.506779
4726 0.58341 0.579511
4731 0.608359 0.603313
4736 0.596483 0.610907
4741 0.565775 0.506498
4746 0.517049 0.563736
4751 0.508461 0.473547
4756 0.459047 0.411417
4761 0.434429 0.44289
4766 0.405708 0.356244
4771 0.411213 0.334531
4776 0.409837 0.243272
4781 0.405683 0.170031
4786 0.386468 0.159378
4791 0.385143 0.0931448
4796 0.393502 0.0407747
4801 0.398344 0.0324669
4806 0.39419 0.254027
4811 0.393043 0.23736
4816 0.396024 0.264704
4821 0.401606 0.290138
4826 0.402115 0.165979
4831 0.402472 0.200178
4836 0.401555 0.235856
4841 0.402141 0.128084
4846 0.402013 0.106932
4851 0.401172 0.00767074
4856 0.400917 0.0707696
4861 0.404281 0.159862
4866 0.404103 0.0721713
4871 0.403925 0.224516
4876 0.403313 0.125331
4881 0.402803 0.14001
4886 0.404154 0.244113
4891 0.403976 0.264424
4896 0.403797 0.0388124
4901 0.402803 0.00756881
4906 0.402243 0.0165647
4911 0.404103 0.024159
4916 0.40525 0.0187564
4921 0.427931 0.0635831
4926 0.467329 0.119037
4931 0.452166 0.177727
4936 0.481626 0.23922
4941 0.471432 0.248012
4946 0.45711 0.245923
4951 0.433843 0.219521
4956 0.41445 0.246942
4961 0.422069 0.214653
4966 0.411111 0.166106
4971 0.421483 0.16761
4976 0.442023 0.20158
4981 0.474567 0.241208
4986 0.502548 0.25316
4991 0.476478 0.24684
4996 0.45367 0.293884
5001 0.434123 0.283053
5006 0.416692 0.225178
5011 0.403644 0.0857543
5016 0.389934 0.143782
5021 0.385652 0.0922018
5026 0.411952 0.096738
5031 0.415724 0.0660041
5036 0.412207 0.0807849
5041 0.411442 0.0821101
5046 0.391769 0.0772171
5051 0.377345 0.113303
5056 0.394572 0.139806
5061 0.436213 0.161239
5066 0.473649 0.216794
5071 0.509939 0.262258
5076 0.520974 0.233614
5081 0.504205 0.260627
5086 0.489908 0.264832
5091 0.42528 0.240928
5096 0.397579 0.237768
5101 0.407467 0.198522
5106 0.400331 0.17528
5111 0.377854 0.144444
5116 0.380581 0.140367
5121 0.373573 0.0642712
5126 0.376376 0.0226555
5131 0.39712 0.100127
5136 0.406983 0.257085
5141 0.408588 0.224924
5146 0.408563 0.209862
5151 0.40818 0.239781
5156 0.407798 0.223216
5161 0.409276 0.270464
5166 0.409964 0.193502
5171 0.409633 0.0984964
5176 0.409582 0.191947
5181 0.409404 0.258129
5186 0.410601 0.240851
5191 0.410296 0.251427
5196 0.409123 0.23132
5201 0.409149 0.166718
5206 0.408461 0.109098
5211 0.408435 0.196075
5216 0.40762 0.194037
5221 0.405556 0.167813
5226 0.405836 0.181244
5231 0.405658 0.236927
5236 0.405989 0.269419
5241 0.405912 0.230122
5246 0.407849 0.201758
5251 0.408282 0.239093
5256 0.407696 0.0167941
5261 0.405683 0.066896
5266 0.44261 0.110296
5271 0.460652 0.139577
5276 0.474312 0.137207
5281 0.453517 0.147146
5286 0.409174 0.118909
5291 0.431983 0.105454
5296 0.435933 0.212436
5301 0.461748 0.256804
5306 0.488175 0.312717
5311 0.499032 0.302931
5316 0.485092 0.311748
5321 0.471814 0.218247
5326 0.46896 0.133435
5331 0.463838 0.151045
5336 0.451147 0.164679
5341 0.468145 0.21738
5346 0.490775 0.203211
5351 0.499006 0.209964
5356 0.486952 0.217406
5361 0.491972 0.28606
5366 0.505352 0.290902
5371 0.532773 0.294725
5376 0.531498 0.269292
5381 0.521993 0.264755
5386 0.50632 0.304842
5391 0.489373 0.326274
5396 0.500765 0.345642
5401 0.519903 0.327472
5406 0.534302 0.329689
5411 0.550459 0.211748
5416 0.551121 0.181728
5421 0.530581 0.220056
5426 0.515367 0.226606
5431 0.534251 0.262334
5436 0.545413 0.28736
5441 0.553848 0.301835
5446 0.548242 0.308129
5451 0.557238 0.352268
5456 0.567176 0.346305
5461 0.56896 0.221611
5466 0.575459 0.234862
5471 0.579995 0.220948
5476 0.588736 0.200204
5481 0.581728 0.194597
5486 0.563099 0.1592
5491 0.554052 0.154664
5496 0.56236 0.172197
5501 0.577701 0.177319
5506 0.596075 0.176809
5511 0.617915 0.141972
5516 0.628593 0.13369
5521 0.629332 0.173344
5526 0.631983 0.199235
5531 0.639653 0.144215
5536 0.648318 0.205199
5541 0.66129 0.110372
5546 0.674134 0.111111
5551 0.685117 0.11998
5556 0.691437 0.130657
5561 0.697069 0.137334
5566 0.693756 0.158359
5571 0.687334 0.198191
5576 0.69317 0.203746
5581 0.700714 0.218145
5586 0.701784 0.213609
5591 0.705479 0.20265
5596 0.706346 0.181193
5601 0.707187 0.154817
5606 0.707059 0.165367
5611 0.701121 0.114985
5616 0.699057 0.0987258
5621 0.697146 0.12974
5626 0.698293 0.0902141
5631 0.698496 0.0890928
5636 0.6987 0.0851682
5641 0.698981 0.101478
5646 0.697757 0.133206
5651 0.697961 0.10237
5656 0.69554 0.109939
5661 0.694929 0.0981651
5666 0.695362 0.110092
5671 0.692559 0.17235
5676 0.692125 0.0754078
5681 0.692329 0.101988
5686 0.693298 0.0984455
5691 0.691514 0.0810907
5696 0.690851 0.107849
5701 0.690826 0.0181702
5706 0.691106 0.115189
5711 0.688252 0.0694954
5716 0.685652 0.170719
5721 0.682824 0.309072
5726 0.683129 0.219139
5731 0.68318 0.0861621
5736 0.681881 0.0471203
