frame_number static_density dynamic_density
1 0.0700995 0.120258
6 0.0738312 0.136654
11 0.0883804 0.145977
16 0.094405 0.132818
21 0.0983914 0.167203
26 0.104992 0.0929787
31 0.110684 0.0975975
36 0.113224 0.113038
41 0.115323 0.120124
46 0.117381 0.112568
51 0.11899 0.0782919
56 0.129507 0.0859046
61 0.135078 0.0923547
66 0.127943 0.0892189
71 0.12108 0.0677984
76 0.125885 0.0414594
81 0.134641 0.0432502
86 0.153744 0.0742768
91 0.173544 0.122
96 0.182919 0.168139
101 0.185621 0.146248
106 0.179102 0.143343
111 0.18396 0.133737
116 0.194899 0.128535
121 0.197354 0.146536
126 0.199433 0.138867
131 0.203403 0.138587
136 0.210554 0.146512
141 0.216887 0.156324
146 0.217511 0.172701
151 0.215347 0.13037
156 0.211174 0.166652
161 0.205956 0.144016
166 0.202224 0.142529
171 0.199907 0.160615
176 0.198456 0.154615
181 0.197982 0.14026
186 0.197302 0.102265
191 0.19639 0.137918
196 0.196346 0.143971
201 0.196086 0.10852
206 0.196641 0.0993883
211 0.196637 0.107394
216 0.19588 0.101831
221 0.197865 0.198561
226 0.197022 0.100146
231 0.197046 0.0819383
236 0.198246 0.0709748
241 0.195713 0.078535
246 0.195073 0.105615
251 0.19464 0.0796938
256 0.194312 0.0953976
261 0.194644 0.102844
266 0.194356 0.119727
271 0.192991 0.119792
276 0.194753 0.0636699
281 0.203351 0.0598614
286 0.213273 0.090345
291 0.211466 0.0921036
296 0.206 0.124192
301 0.199955 0.0680131
306 0.19752 0.0644357
311 0.198538 0.0804837
316 0.197059 0.0679279
321 0.195454 0.149198
326 0.196033 0.136225
331 0.196216 0.140361
336 0.196098 0.0810387
341 0.197719 0.042136
346 0.201564 0.0967913
351 0.201536 0.0721861
356 0.201183 0.0694677
361 0.200912 0.0590147
366 0.200041 0.0337047
371 0.197694 0.0781502
376 0.197107 0.095523
381 0.196589 0.102751
386 0.202127 0.0605623
391 0.2072 0.082939
396 0.211871 0.137051
401 0.213706 0.109602
406 0.221554 0.0896523
411 0.237392 0.0921198
416 0.258415 0.120647
421 0.271668 0.178361
426 0.291552 0.155142
431 0.310428 0.191354
436 0.327145 0.192683
441 0.332939 0.186824
446 0.341281 0.240945
451 0.351613 0.239422
456 0.359262 0.24515
461 0.365967 0.268621
466 0.367434 0.280091
471 0.370691 0.290625
476 0.369439 0.275468
481 0.369168 0.286152
486 0.370667 0.261591
491 0.371218 0.270294
496 0.371951 0.29951
501 0.377858 0.28787
506 0.397432 0.236606
511 0.414987 0.144859
516 0.424787 0.231055
521 0.447058 0.22168
526 0.461133 0.159185
531 0.468921 0.107309
536 0.473061 0.160992
541 0.477761 0.0841018
546 0.479512 0.147537
551 0.474625 0.166486
556 0.473426 0.134791
561 0.47078 0.137829
566 0.465124 0.212981
571 0.466842 0.269212
576 0.472555 0.326914
581 0.481804 0.230516
586 0.4896 0.14859
591 0.498489 0.154481
596 0.524629 0.17832
601 0.544166 0.165351
606 0.555814 0.146155
611 0.581578 0.0833562
616 0.591714 0.0862734
621 0.607536 0.132396
626 0.610129 0.136209
631 0.615149 0.150336
636 0.618001 0.163986
641 0.61858 0.109781
646 0.618232 0.189239
651 0.620505 0.149502
656 0.622028 0.170967
661 0.623418 0.105927
666 0.625318 0.103687
671 0.624665 0.141978
676 0.626238 0.117612
681 0.628976 0.140049
686 0.630172 0.112641
691 0.629738 0.131246
696 0.633745 0.18823
701 0.633822 0.180881
706 0.6349 0.119014
711 0.637092 0.121169
716 0.639182 0.143728
721 0.642711 0.179487
726 0.643817 0.15801
731 0.64357 0.128405
736 0.645292 0.133105
741 0.647423 0.0935622
746 0.651868 0.225666
751 0.653561 0.174852
756 0.654643 0.2289
761 0.655599 0.169212
766 0.65664 0.102767
771 0.662993 0.205121
776 0.663066 0.190783
781 0.662037 0.121907
786 0.661336 0.0668786
791 0.662021 0.106207
796 0.657362 0.201471
801 0.655068 0.132437
806 0.652338 0.13507
811 0.653675 0.0994691
816 0.667073 0.0930071
821 0.69592 0.201759
826 0.739032 0.128413
831 0.757058 0.110648
836 0.760696 0.141929
841 0.763318 0.113674
846 0.775488 0.214432
851 0.776586 0.141496
856 0.775444 0.105303
861 0.77576 0.124557
866 0.773714 0.136877
871 0.777636 0.195835
876 0.778183 0.153468
881 0.779726 0.113411
886 0.779512 0.142383
891 0.778976 0.0972368
896 0.772701 0.0698444
901 0.772429 0.0839884
906 0.767535 0.212037
911 0.76653 0.116308
916 0.77029 0.10158
921 0.770793 0.0700349
926 0.771043 0.0731263
931 0.771899 0.191577
936 0.77185 0.100219
941 0.770902 0.0941456
946 0.767101 0.113289
951 0.766607 0.100381
956 0.779714 0.134742
961 0.776132 0.164496
966 0.773479 0.136776
971 0.77215 0.0671786
976 0.770112 0.0947815
981 0.760769 0.226765
986 0.755591 0.108954
991 0.761426 0.0890648
996 0.762127 0.0511263
1001 0.762082 0.0592213
1006 0.759387 0.133235
1011 0.752297 0.110988
1016 0.752467 0.107937
1021 0.753188 0.0834779
1026 0.752698 0.0858966
1031 0.752188 0.123584
1036 0.758233 0.230054
1041 0.756571 0.0938984
1046 0.756394 0.0799976
1051 0.758156 0.117057
1056 0.757994 0.0836966
1061 0.753124 0.153744
1066 0.752265 0.0929909
1071 0.749988 0.0568147
1076 0.750993 0.0765296
1081 0.752212 0.0628839
1086 0.757937 0.149696
1091 0.758253 0.0514707
1096 0.758257 0.0562516
1101 0.757151 0.062507
1106 0.756029 0.0657442
1111 0.757674 0.0955879
1116 0.756316 0.0584272
1121 0.754157 0.0635402
1126 0.755466 0.0364476
1131 0.758768 0.0386801
1136 0.761891 0.0791912
1141 0.76525 0.0604165
1146 0.763954 0.0741918
1151 0.758391 0.0546917
1156 0.75615 0.0415485
1161 0.754801 0.0919576
1166 0.753448 0.0631634
1171 0.755737 0.0511952
1176 0.753821 0.0679685
1181 0.756024 0.0628474
1186 0.766227 0.131885
1191 0.766069 0.108237
1196 0.766911 0.144701
1201 0.76935 0.124593
1206 0.768823 0.102889
1211 0.770987 0.240848
1216 0.770067 0.112536
1221 0.766571 0.162852
1226 0.76653 0.117235
1231 0.766847 0.0432421
1236 0.758472 0.111518
1241 0.756531 0.0612431
1246 0.761977 0.0579369
1251 0.760076 0.0379791
1256 0.755016 0.0495786
1261 0.755077 0.0922979
1266 0.7544 0.0882223
1271 0.754165 0.0886314
1276 0.752796 0.0935542
1281 0.752852 0.0377482
1286 0.749732 0.0720404
1291 0.749019 0.0330889
1296 0.750742 0.0388218
1301 0.751297 0.038915
1306 0.752431 0.0400373
1311 0.742626 0.0911516
1316 0.737205 0.111125
1321 0.73272 0.0871647
1326 0.727121 0.133652
1331 0.72625 0.0869015
1336 0.72896 0.12245
1341 0.726291 0.108379
1346 0.728632 0.102285
1351 0.727437 0.126343
1356 0.730058 0.116753
1361 0.725833 0.202293
1366 0.727636 0.0917389
1371 0.732534 0.076716
1376 0.732546 0.0748602
1381 0.731622 0.0811403
1386 0.731027 0.111251
1391 0.731764 0.0599869
1396 0.733737 0.132064
1401 0.735678 0.158982
1406 0.738319 0.146751
1411 0.755336 0.131164
1416 0.755121 0.14895
1421 0.755911 0.119678
1426 0.755109 0.139705
1431 0.754971 0.151616
1436 0.76068 0.246504
1441 0.760242 0.166056
1446 0.763192 0.325792
1451 0.766328 0.287388
1456 0.771712 0.375889
1461 0.791285 0.44464
1466 0.792623 0.411936
1471 0.798776 0.434227
1476 0.804907 0.449335
1481 0.806912 0.367028
1486 0.823653 0.334839
1491 0.828819 0.490917
1496 0.831642 0.447346
1501 0.834957 0.60429
1506 0.838194 0.658792
1511 0.847573 0.67655
1516 0.844899 0.566052
1521 0.846686 0.559189
1526 0.828632 0.602067
1531 0.822924 0.593619
1536 0.808277 0.568053
1541 0.803294 0.552224
1546 0.794319 0.519593
1551 0.772705 0.569131
1556 0.761312 0.583267
1561 0.752123 0.571173
1566 0.757568 0.560992
1571 0.753419 0.567794
1576 0.755166 0.582712
1581 0.773499 0.603828
1586 0.773896 0.479649
1591 0.759408 0.497942
1596 0.756231 0.577899
1601 0.75115 0.579832
1606 0.74654 0.628486
1611 0.750583 0.58691
1616 0.737691 0.620266
1621 0.707499 0.584957
1626 0.703577 0.591512
1631 0.717402 0.592339
1636 0.716161 0.593453
1641 0.726222 0.422843
1646 0.722409 0.539515
1651 0.706146 0.555899
1656 0.712049 0.49573
1661 0.722624 0.515594
1666 0.735058 0.335723
1671 0.753877 0.441638
1676 0.749064 0.517652
1681 0.724484 0.498254
1686 0.702398 0.522182
1691 0.707807 0.477781
1696 0.715217 0.462341
1701 0.7201 0.545402
1706 0.723122 0.531027
1711 0.69419 0.471619
1716 0.67856 0.378912
1721 0.663864 0.499931
1726 0.650466 0.426035
1731 0.608176 0.39541
1736 0.525298 0.473507
1741 0.486152 0.434815
1746 0.452358 0.449015
1751 0.401155 0.481294
1756 0.37676 0.394907
1761 0.368192 0.429831
1766 0.365773 0.419771
1771 0.375063 0.429041
1776 0.383519 0.367758
1781 0.374054 0.404157
1786 0.362932 0.314849
1791 0.339547 0.341042
1796 0.31841 0.338247
1801 0.323138 0.349274
1806 0.322433 0.349315
1811 0.310935 0.303294
1816 0.298635 0.392055
1821 0.291317 0.342262
1826 0.278166 0.328097
1831 0.262961 0.393582
1836 0.253375 0.348072
1841 0.235078 0.372024
1846 0.210291 0.331687
1851 0.182364 0.284896
1856 0.160927 0.209618
1861 0.151754 0.211871
1866 0.140207 0.161336
1871 0.161604 0.241962
1876 0.185386 0.244405
1881 0.216393 0.288571
1886 0.236034 0.319634
1891 0.272028 0.349915
1896 0.29084 0.411835
1901 0.303257 0.415084
1906 0.371117 0.455133
1911 0.374974 0.481148
1916 0.370626 0.397958
1921 0.35767 0.426801
1926 0.339142 0.409452
1931 0.315234 0.389004
1936 0.272125 0.255931
1941 0.2582 0.278174
1946 0.240665 0.270371
1951 0.188672 0.245418
1956 0.140779 0.207394
1961 0.101884 0.167867
1966 0.0671946 0.118876
1971 0.0288389 0.0667896
1976 0.00645409 0.048505
1981 0.0073738 0.0592497
1986 0.00645816 0.0733611
1991 0.00709423 0.0647191
1996 0.00654729 0.0876509
2001 0.0161211 0.0531804
2006 0.0769752 0.0795843
2011 0.148023 0.127243
2016 0.210319 0.182911
2021 0.245993 0.221218
2026 0.289968 0.327174
2031 0.316332 0.319492
2036 0.293813 0.326975
2041 0.279556 0.320055
2046 0.237043 0.260101
2051 0.218495 0.245831
2056 0.169034 0.248618
2061 0.113601 0.209958
2066 0.0770966 0.156227
2071 0.0625882 0.118309
2076 0.0394054 0.0649664
2081 0.0153026 0.0893282
2086 0.0122923 0.100259
2091 0.0104651 0.0946033
2096 0.0100802 0.0555548
2101 0.0270804 0.0959282
2106 0.0597967 0.0945141
2111 0.103849 0.164087
2116 0.161676 0.0992506
2121 0.213058 0.139033
2126 0.27078 0.139551
2131 0.325986 0.205506
2136 0.340718 0.190264
2141 0.33998 0.22653
2146 0.332745 0.219468
2151 0.317742 0.263362
2156 0.296872 0.206799
2161 0.287355 0.238056
2166 0.278575 0.210348
2171 0.257398 0.173981
2176 0.212163 0.217859
2181 0.156547 0.246605
2186 0.111202 0.127684
2191 0.0735354 0.171923
2196 0.0429867 0.148343
2201 0.021072 0.141394
2206 0.0124747 0.180249
2211 0.00595171 0.143473
2216 0.0013208 0.14684
2221 0.00116279 0.116255
2226 0.0014383 0.133437
2231 0.00194879 0.145057
2236 0.00166923 0.119208
2241 0.00209464 0.127571
2246 0.00168949 0.150944
2251 0.00290494 0.180832
2256 0.00375578 0.0890323
2261 0.00441616 0.127096
2266 0.00962644 0.102342
2271 0.0401628 0.115347
2276 0.0624463 0.142764
2281 0.0752291 0.148493
2286 0.0837574 0.194008
2291 0.0881654 0.17358
2296 0.0895916 0.204011
2301 0.101191 0.15705
2306 0.105214 0.200425
2311 0.091593 0.189948
2316 0.0730128 0.164192
2321 0.0553561 0.155518
2326 0.0486306 0.142282
2331 0.044182 0.147553
2336 0.0300705 0.142756
2341 0.0245158 0.139709
2346 0.0177417 0.142294
2351 0.0143222 0.0906694
2356 0.0114051 0.0971558
2361 0.00980876 0.110173
2366 0.0133741 0.0609229
2371 0.0137306 0.0634876
2376 0.0148043 0.094417
2381 0.0126853 0.107516
2386 0.037667 0.105563
2391 0.0595901 0.099996
2396 0.0679969 0.156466
2401 0.0686612 0.148987
2406 0.074524 0.140848
2411 0.07798 0.134086
2416 0.0599464 0.161822
2421 0.0415241 0.169909
2426 0.0192083 0.221331
2431 0.00369094 0.0764687
2436 0.0277045 0.183191
2441 0.0370837 0.123953
2446 0.0449518 0.10047
2451 0.050324 0.116072
2456 0.0504214 0.114565
2461 0.0584394 0.156977
2466 0.0399968 0.131926
2471 0.020991 0.113601
2476 0.0112552 0.138097
2481 0.00826512 0.115684
2486 0.0108581 0.151993
2491 0.013366 0.0723522
2496 0.0146828 0.0883195
2501 0.0165829 0.0618872
2506 0.0182967 0.113929
2511 0.0349972 0.0948991
2516 0.0538814 0.136468
2521 0.0587635 0.195511
2526 0.0652783 0.178
2531 0.0724091 0.138101
2536 0.0784336 0.217734
2541 0.0830808 0.172243
2546 0.0850822 0.239
2551 0.0743173 0.263066
2556 0.0582488 0.203504
2561 0.0336724 0.192334
2566 0.00939146 0.140556
2571 0.000559112 0.0945993
2576 0.000522649 0.113147
2581 0.000542907 0.120533
2586 0.000729278 0.165465
2591 0.000603679 0.12422
2596 0.000660401 0.124852
2601 0.000530751 0.12247
2606 0.000530752 0.1758
2611 0.000822462 0.183794
2616 0.000672554 0.128097
2621 0.000684708 0.133271
2626 0.0123329 0.11403
2631 0.0302243 0.129949
2636 0.0386598 0.180743
2641 0.0710274 0.15993
2646 0.112722 0.144769
2651 0.14116 0.258707
2656 0.1582 0.274066
2661 0.178555 0.278077
2666 0.165704 0.288352
2671 0.154745 0.261332
2676 0.162714 0.307394
2681 0.148728 0.294405
2686 0.13142 0.262264
2691 0.113872 0.19216
2696 0.0929787 0.159326
2701 0.0647924 0.120205
2706 0.0436635 0.123823
2711 0.0419738 0.16072
2716 0.0452516 0.0906856
2721 0.0440524 0.11636
2726 0.0461793 0.129102
2731 0.0655215 0.0864961
2736 0.0783728 0.137853
2741 0.0852605 0.141905
2746 0.0884208 0.149461
2751 0.0955799 0.158455
2756 0.0990519 0.171975
2761 0.102281 0.174945
2766 0.106681 0.140779
2771 0.107726 0.168637
2776 0.10991 0.186237
2781 0.114051 0.184884
2786 0.117571 0.215076
2791 0.118977 0.195948
2796 0.118694 0.186707
2801 0.120343 0.189239
2806 0.121789 0.159132
2811 0.120975 0.178235
2816 0.123231 0.161519
2821 0.124086 0.120545
2826 0.123969 0.108678
2831 0.123722 0.158711
2836 0.124641 0.136711
2841 0.125132 0.0950855
2846 0.12405 0.0870231
2851 0.130998 0.0797057
2856 0.135236 0.0681186
2861 0.125448 0.102536
2866 0.125488 0.0779354
2871 0.127952 0.0853009
2876 0.127064 0.0786687
2881 0.13016 0.076643
2886 0.134073 0.145276
2891 0.137967 0.0837981
2896 0.135601 0.0735273
2901 0.137132 0.0693745
2906 0.136427 0.0840652
2911 0.137979 0.0993155
2916 0.138307 0.113565
2921 0.137209 0.109695
2926 0.137643 0.10976
2931 0.140673 0.103257
2936 0.143424 0.140057
2941 0.148866 0.0851633
2946 0.165979 0.103906
2951 0.188052 0.118094
2956 0.211709 0.113265
2961 0.241305 0.196171
2966 0.265202 0.151953
2971 0.295892 0.178316
2976 0.32452 0.166583
2981 0.342031 0.193469
2986 0.378219 0.202244
2991 0.396191 0.211041
2996 0.42313 0.239097
3001 0.466737 0.225869
3006 0.503351 0.294506
3011 0.553496 0.333575
3016 0.590759 0.35096
3021 0.622263 0.354262
3026 0.640981 0.330014
3031 0.663755 0.292278
3036 0.69447 0.186111
3041 0.671866 0.151754
3046 0.651657 0.156491
3051 0.64652 0.153022
3056 0.64007 0.162896
3061 0.649984 0.212856
3066 0.653898 0.196747
3071 0.660765 0.226626
3076 0.658613 0.205121
3081 0.660299 0.173779
3086 0.684134 0.163731
3091 0.681809 0.197642
3096 0.675711 0.203549
3101 0.66982 0.133036
3106 0.66593 0.157402
3111 0.660643 0.206033
3116 0.658014 0.159744
3121 0.655693 0.142047
3126 0.657734 0.131489
3131 0.664233 0.131679
3136 0.671096 0.144526
3141 0.67025 0.103492
3146 0.666125 0.0687627
3151 0.663508 0.0903532
3156 0.662406 0.0868769
3161 0.661474 0.160566
3166 0.660858 0.133113
3171 0.658297 0.087351
3176 0.656827 0.102824
3181 0.661247 0.108776
3186 0.670047 0.158127
3191 0.666243 0.121765
3196 0.665813 0.132161
3201 0.663771 0.123872
3206 0.661883 0.117021
3211 0.658399 0.121169
3216 0.661125 0.102621
3221 0.659562 0.0799288
3226 0.65869 0.0561786
3231 0.655944 0.0903574
3236 0.655296 0.165704
3241 0.653602 0.0622275
3246 0.652245 0.0477271
3251 0.651333 0.120914
3256 0.649959 0.0438011
3261 0.650883 0.121287
3266 0.651771 0.0467953
3271 0.653407 0.0366866
3276 0.655789 0.038757
3281 0.659144 0.0262053
3286 0.675622 0.0999109
3291 0.673815 0.102921
3296 0.675063 0.0500971
3301 0.671011 0.0446317
3306 0.670655 0.0570699
3311 0.670566 0.197026
3316 0.667191 0.112754
3321 0.665428 0.04481
3326 0.66448 0.0706142
3331 0.661786 0.0596953
3336 0.650304 0.144595
3341 0.649108 0.0765538
3346 0.647768 0.0670571
3351 0.645544 0.0655499
3356 0.646698 0.0617899
3361 0.654489 0.103667
3366 0.65203 0.0609107
3371 0.648773 0.060534
3376 0.649716 0.0394174
3381 0.650462 0.0326959
3386 0.651608 0.191986
3391 0.65188 0.133745
3396 0.65374 0.0523985
3401 0.656328 0.0451787
3406 0.657584 0.0503971
3411 0.651738 0.155474
3416 0.649575 0.0682887
3421 0.647853 0.0556439
3426 0.647306 0.0909125
3431 0.647946 0.0887489
3436 0.688178 0.21664
3441 0.690215 0.112714
3446 0.702974 0.0793859
3451 0.709128 0.0931814
3456 0.710554 0.0552427
3461 0.706543 0.193627
3466 0.706726 0.059744
3471 0.704574 0.114193
3476 0.705875 0.039705
3481 0.709197 0.11542
3486 0.707337 0.166899
3491 0.709703 0.160745
3496 0.715732 0.135682
3501 0.715554 0.0842313
3506 0.718584 0.0815978
3511 0.72247 0.205697
3516 0.724544 0.0575359
3521 0.725675 0.102447
3526 0.725569 0.136374
3531 0.724836 0.0938053
3536 0.715826 0.14148
3541 0.717223 0.124633
3546 0.71634 0.0777611
3551 0.717093 0.0665545
3556 0.718358 0.0432502
3561 0.705786 0.150041
3566 0.706251 0.0776599
3571 0.709148 0.150405
3576 0.711689 0.0591038
3581 0.711344 0.122008
3586 0.709821 0.164375
3591 0.712965 0.0653351
3596 0.706126 0.137545
3601 0.707199 0.0687018
3606 0.706794 0.0470788
3611 0.705984 0.050085
3616 0.707094 0.0932867
3621 0.701443 0.126914
3626 0.70425 0.0685115
3631 0.702362 0.0704765
3636 0.708144 0.0849606
3641 0.713386 0.0799285
3646 0.71089 0.154586
3651 0.713763 0.0942103
3656 0.716502 0.0874079
3661 0.716842 0.103043
3666 0.720286 0.0877158
3671 0.712519 0.174042
3676 0.716619 0.0698609
3681 0.716721 0.0757313
3686 0.716218 0.0657928
3691 0.715651 0.0406166
3696 0.707609 0.109638
3701 0.705636 0.0932623
3706 0.703991 0.139235
3711 0.702913 0.0767239
3716 0.703788 0.0892877
3721 0.694056 0.133494
3726 0.690434 0.111267
3731 0.689912 0.103561
3736 0.689425 0.0788995
3741 0.692756 0.087732
3746 0.685431 0.139871
3751 0.684819 0.137477
3756 0.684811 0.109683
3761 0.682595 0.114857
3766 0.680565 0.0633255
3771 0.678166 0.117908
3776 0.682667 0.0542055
3781 0.682578 0.0898956
3786 0.678948 0.0827363
3791 0.678973 0.0426424
3796 0.671218 0.165542
3801 0.668151 0.123049
3806 0.665375 0.131156
3811 0.699441 0.130225
3816 0.737712 0.129045
3821 0.788441 0.210453
3826 0.791674 0.102394
3831 0.794834 0.088599
3836 0.797022 0.076732
3841 0.797435 0.140669
3846 0.798238 0.163666
3851 0.797582 0.13447
3856 0.795482 0.077202
3861 0.794676 0.0597116
3866 0.794932 0.0632931
3871 0.79398 0.130139
3876 0.794822 0.104623
3881 0.795495 0.0697108
3886 0.794936 0.0654201
3891 0.794344 0.0461065
3896 0.792192 0.0889555
3901 0.792375 0.0593185
3906 0.792452 0.0609756
3911 0.791849 0.0495584
3916 0.791265 0.0486751
3921 0.790831 0.143529
3926 0.791848 0.0939917
3931 0.790807 0.048821
3936 0.791873 0.0775059
3941 0.792792 0.0366259
3946 0.792999 0.14938
3951 0.792468 0.083012
3956 0.792987 0.11286
3961 0.793473 0.0819302
3966 0.792663 0.0671947
3971 0.79701 0.153958
3976 0.79652 0.138032
3981 0.794612 0.0556842
3986 0.791241 0.051337
3991 0.794352 0.0400251
3996 0.794972 0.097804
4001 0.794879 0.147541
4006 0.793226 0.0721051
4011 0.793246 0.143048
4016 0.794389 0.09103
4021 0.79573 0.153253
4026 0.795794 0.0946641
4031 0.795167 0.0915607
4036 0.795345 0.121733
4041 0.795661 0.0767765
4046 0.781391 0.209209
4051 0.783158 0.0846001
4056 0.78377 0.168455
4061 0.784081 0.117442
4066 0.788684 0.0320152
4071 0.793862 0.127599
4076 0.794028 0.111077
4081 0.79389 0.0717243
4086 0.793927 0.0543189
4091 0.793445 0.0271291
4096 0.795175 0.247861
4101 0.79387 0.171895
4106 0.791533 0.143396
4111 0.793262 0.0940604
4116 0.793846 0.077437
4121 0.793842 0.181897
4126 0.792991 0.0502837
4131 0.792789 0.190815
4136 0.790548 0.221003
4141 0.789474 0.233393
4146 0.787315 0.265493
4151 0.786071 0.248169
4156 0.784041 0.287509
4161 0.783474 0.269735
4166 0.78588 0.294129
4171 0.794186 0.318613
4176 0.790973 0.338324
4181 0.795179 0.318742
4186 0.800952 0.331513
4191 0.806324 0.311024
4196 0.804546 0.311924
4201 0.806616 0.374013
4206 0.805348 0.474447
4211 0.808204 0.490337
4216 0.815424 0.58926
4221 0.816368 0.513046
4226 0.822462 0.511053
4231 0.833543 0.430305
4236 0.84336 0.532712
4241 0.847686 0.508038
4246 0.83471 0.487598
4251 0.805571 0.463362
4256 0.756884 0.508516
4261 0.721113 0.515546
4266 0.726906 0.565055
4271 0.735617 0.479681
4276 0.754359 0.437051
4281 0.765351 0.488899
4286 0.760546 0.551771
4291 0.75645 0.53178
4296 0.7088 0.487598
4301 0.708958 0.482044
4306 0.694733 0.515959
4311 0.691909 0.595008
4316 0.698399 0.601386
4321 0.659331 0.578762
4326 0.638546 0.524171
4331 0.611932 0.432688
4336 0.607301 0.562353
4341 0.604445 0.5629
4346 0.606187 0.558557
4351 0.616575 0.501977
4356 0.613135 0.48947
4361 0.609934 0.561186
4366 0.607001 0.595187
4371 0.59878 0.577141
4376 0.595361 0.590884
4381 0.589762 0.552188
4386 0.587959 0.391723
4391 0.575813 0.502022
4396 0.55081 0.534162
4401 0.516919 0.491419
4406 0.48565 0.47766
4411 0.459934 0.409627
4416 0.464452 0.489567
4421 0.496249 0.512867
4426 0.508622 0.494409
4431 0.484159 0.508767
4436 0.46937 0.540548
4441 0.459294 0.581095
4446 0.475679 0.563115
4451 0.485009 0.568568
4456 0.486496 0.521323
4461 0.47783 0.534458
4466 0.477024 0.5016
4471 0.496888 0.538952
4476 0.512985 0.430038
4481 0.488202 0.508047
4486 0.458204 0.440199
4491 0.441666 0.442995
4496 0.446139 0.475111
4501 0.482254 0.441788
4506 0.537193 0.428887
4511 0.60677 0.494915
4516 0.660895 0.496913
4521 0.671716 0.457904
4526 0.715785 0.482501
4531 0.766636 0.487445
4536 0.781249 0.464164
4541 0.763058 0.499574
4546 0.733113 0.49289
4551 0.711061 0.454753
4556 0.697269 0.517519
4561 0.598695 0.539778
4566 0.554696 0.519865
4571 0.536735 0.548963
4576 0.523134 0.554056
4581 0.493104 0.537497
4586 0.476019 0.511855
4591 0.47112 0.473872
4596 0.504712 0.507179
4601 0.493343 0.399749
4606 0.488935 0.393599
4611 0.480002 0.431473
4616 0.449352 0.403958
4621 0.430038 0.430905
4626 0.369265 0.34139
4631 0.364492 0.365842
4636 0.381699 0.383275
4641 0.408245 0.381894
4646 0.427895 0.37469
4651 0.446961 0.422527
4656 0.454441 0.407795
4661 0.434807 0.422218
4666 0.416652 0.44265
4671 0.391354 0.362309
4676 0.324945 0.306012
4681 0.273863 0.338056
4686 0.249603 0.294539
4691 0.275849 0.283907
4696 0.280277 0.330472
4701 0.290536 0.386213
4706 0.29626 0.406851
4711 0.313362 0.391273
4716 0.348959 0.426379
4721 0.406263 0.470857
4726 0.417369 0.35673
4731 0.411041 0.453136
4736 0.3994 0.455255
4741 0.371011 0.428912
4746 0.343611 0.365627
4751 0.303213 0.394887
4756 0.257369 0.367438
4761 0.220092 0.352625
4766 0.177036 0.328101
4771 0.149153 0.30664
4776 0.115428 0.228571
4781 0.0807188 0.200041
4786 0.0494977 0.226829
4791 0.021303 0.174524
4796 0.00363828 0.143226
4801 0.000299814 0.150207
4806 0.000214731 0.154582
4811 0.000145855 0.148019
4816 9.31854e-05 0.215521
4821 0.000202577 0.15096
4826 0.000117495 0.100782
4831 4.86184e-05 0.168467
4836 0.000640142 0.160643
4841 0.00102909 0.0841263
4846 0.00134106 0.0922454
4851 0.00140993 0.0841464
4856 0.00178268 0.0915242
4861 0.00174621 0.118224
4866 0.000972367 0.088984
4871 0.000595576 0.0688355
4876 0.000700915 0.160789
4881 0.000542905 0.113168
4886 0.000534803 0.166753
4891 0.000506442 0.109144
4896 0.00136942 0.0799165
4901 0.00479702 0.0893727
4906 0.00827325 0.0894092
4911 0.00468358 0.165951
4916 0.00153148 0.106701
4921 0.0275545 0.165367
4926 0.0406734 0.133016
4931 0.0763876 0.124042
4936 0.091889 0.176801
4941 0.100896 0.17012
4946 0.112592 0.172243
4951 0.10707 0.22057
4956 0.0931571 0.204145
4961 0.0859249 0.205875
4966 0.0633498 0.165076
4971 0.0653877 0.151864
4976 0.076266 0.193351
4981 0.0745564 0.165562
4986 0.0804879 0.200316
4991 0.0855685 0.162276
4996 0.0919941 0.211162
5001 0.0931852 0.224791
5006 0.0847055 0.236059
5011 0.0724658 0.23031
5016 0.0475732 0.108934
5021 0.0264646 0.17121
5026 0.0163722 0.126197
5031 0.0107528 0.104064
5036 0.0127502 0.0891622
5041 0.0148854 0.105871
5046 0.0242322 0.0620898
5051 0.053229 0.0931449
5056 0.091674 0.113014
5061 0.133012 0.202074
5066 0.172101 0.138781
5071 0.208294 0.215602
5076 0.231436 0.205356
5081 0.222421 0.217167
5086 0.199895 0.214391
5091 0.170476 0.208723
5096 0.155158 0.228397
5101 0.127518 0.210323
5106 0.0946318 0.152042
5111 0.0774897 0.163921
5116 0.0607204 0.149656
5121 0.0351267 0.173082
5126 0.00555061 0.154226
5131 0.00167733 0.149299
5136 0.000251195 0.121668
5141 0.000121546 0.167912
5146 7.69792e-05 0.158832
5151 5.67216e-05 0.114788
5156 5.67216e-05 0.122843
5161 0.000234989 0.193072
5166 0.000117494 0.156725
5171 4.86184e-05 0.151475
5176 5.267e-05 0.150936
5181 5.67215e-05 0.180382
5186 0.000101288 0.192857
5191 4.45668e-05 0.172928
5196 2.43092e-05 0.171854
5201 0 0.191407
5206 0 0.169298
5211 0 0.174925
5216 0 0.139661
5221 0.000133701 0.233968
5226 6.88762e-05 0.144632
5231 5.26699e-05 0.174188
5236 4.05154e-05 0.17249
5241 3.64638e-05 0.153156
5246 6.0773e-05 0.220343
5251 9.72368e-05 0.183648
5256 0.00876346 0.108638
5261 0.0343894 0.174406
5266 0.04575 0.143777
5271 0.0531967 0.178251
5276 0.0581111 0.114014
5281 0.0620897 0.121676
5286 2.02577e-05 0.143449
5291 0.0916375 0.144166
5296 0.125075 0.169123
5301 0.145483 0.171064
5306 0.16369 0.187201
5311 0.173049 0.197371
5316 0.173608 0.210923
5321 0.166069 0.190669
5326 0.158439 0.134839
5331 0.167361 0.151677
5336 0.176582 0.130386
5341 0.182979 0.142116
5346 0.19105 0.118029
5351 0.199785 0.149757
5356 0.225679 0.161385
5361 0.2472 0.183222
5366 0.248768 0.246714
5371 0.245653 0.220002
5376 0.249871 0.198995
5381 0.254825 0.194158
5386 0.26732 0.17533
5391 0.287408 0.214687
5396 0.298724 0.25062
5401 0.296706 0.225448
5406 0.291371 0.226282
5411 0.297451 0.220582
5416 0.302228 0.172401
5421 0.328811 0.198582
5426 0.344907 0.168524
5431 0.356896 0.187428
5436 0.369629 0.226639
5441 0.390195 0.219958
5446 0.402808 0.264942
5451 0.413658 0.277899
5456 0.412037 0.261733
5461 0.407831 0.186962
5466 0.402824 0.183235
5471 0.4025 0.194405
5476 0.4003 0.14934
5481 0.417734 0.149303
5486 0.4437 0.135443
5491 0.467057 0.140402
5496 0.490297 0.17661
5501 0.504485 0.180913
5506 0.522697 0.149343
5511 0.535977 0.153476
5516 0.540313 0.175954
5521 0.552609 0.219731
5526 0.566311 0.179353
5531 0.600397 0.212053
5536 0.621392 0.228734
5541 0.637586 0.159886
5546 0.653821 0.161474
5551 0.661717 0.193817
5556 0.672835 0.213115
5561 0.685585 0.151775
5566 0.691135 0.151065
5571 0.690422 0.209967
5576 0.69088 0.24479
5581 0.691626 0.263921
5586 0.69054 0.232984
5591 0.695843 0.209882
5596 0.703314 0.187813
5601 0.699441 0.16993
5606 0.699923 0.117588
5611 0.69987 0.0998865
5616 0.699177 0.106037
5621 0.709246 0.154254
5626 0.709569 0.156851
5631 0.70521 0.183308
5636 0.701961 0.135508
5641 0.714529 0.0836034
5646 0.786439 0.173815
5651 0.790612 0.12772
5656 0.786249 0.15442
5661 0.783259 0.111822
5666 0.783988 0.118682
5671 0.78445 0.184503
5676 0.78552 0.129605
5681 0.785949 0.0724697
5686 0.784179 0.0740662
5691 0.784811 0.102419
5696 0.785248 0.149441
5701 0.783932 0.125671
5706 0.781764 0.113941
5711 0.778012 0.082234
5716 0.774354 0.113488
5721 0.770371 0.220424
5726 0.770234 0.139077
5731 0.770327 0.100012
5736 0.769848 0.104931
