frame_number static_density dynamic_density
1 0.0700997 0.0987319
6 0.0700997 0.0987319
11 0.0700997 0.0987319
16 0.0700997 0.0987319
21 0.0983915 0.135759
26 0.0983915 0.135759
31 0.0983915 0.135759
36 0.0983915 0.135759
41 0.115323 0.0986427
46 0.115323 0.0986427
51 0.115323 0.0986427
56 0.115323 0.0986427
61 0.135078 0.103322
66 0.135078 0.103322
71 0.135078 0.103322
76 0.135078 0.103322
81 0.134641 0.0628596
86 0.134641 0.0628596
91 0.134641 0.0628596
96 0.134641 0.0628596
101 0.185621 0.0931164
106 0.185621 0.0931164
111 0.185621 0.0931164
116 0.185621 0.0931164
121 0.197354 0.183409
126 0.197354 0.183409
131 0.197354 0.183409
136 0.197354 0.183409
141 0.216887 0.195507
146 0.216887 0.195507
151 0.216887 0.195507
156 0.216887 0.195507
161 0.205956 0.165554
166 0.205956 0.165554
171 0.205956 0.165554
176 0.205956 0.165554
181 0.197982 0.14468
186 0.197982 0.14468
191 0.197982 0.14468
196 0.197982 0.14468
201 0.196086 0.0693015
206 0.196086 0.0693015
211 0.196086 0.0693015
216 0.196086 0.0693015
221 0.197865 0.0406329
226 0.197865 0.0406329
231 0.197865 0.0406329
236 0.197865 0.0406329
241 0.195713 0.0399319
246 0.195713 0.0399319
251 0.195713 0.0399319
256 0.195713 0.0399319
261 0.194644 0.0320882
266 0.194644 0.0320882
271 0.194644 0.0320882
276 0.194644 0.0320882
281 0.203351 0.0263593
286 0.203351 0.0263593
291 0.203351 0.0263593
296 0.203351 0.0263593
301 0.199955 0.0571388
306 0.199955 0.0571388
311 0.199955 0.0571388
316 0.199955 0.0571388
321 0.195454 0.0524957
326 0.195454 0.0524957
331 0.195454 0.0524957
336 0.195454 0.0524957
341 0.197719 0.0624423
346 0.197719 0.0624423
351 0.197719 0.0624423
356 0.197719 0.0624423
361 0.200912 0.0300016
366 0.200912 0.0300016
371 0.200912 0.0300016
376 0.200912 0.0300016
381 0.196589 0.0314197
386 0.196589 0.0314197
391 0.196589 0.0314197
396 0.196589 0.0314197
401 0.213706 0.0492869
406 0.213706 0.0492869
411 0.213706 0.0492869
416 0.213706 0.0492869
421 0.271668 0.143384
426 0.271668 0.143384
431 0.271668 0.143384
436 0.271668 0.143384
441 0.332939 0.241557
446 0.332939 0.241557
451 0.332939 0.241557
456 0.332939 0.241557
461 0.365967 0.269391
466 0.365967 0.269391
471 0.365967 0.269391
476 0.365967 0.269391
481 0.369168 0.272138
486 0.369168 0.272138
491 0.369168 0.272138
496 0.369168 0.272138
501 0.377858 0.283417
506 0.377858 0.283417
511 0.377858 0.283417
516 0.377858 0.283417
521 0.447059 0.0935905
526 0.447059 0.0935905
531 0.447059 0.0935905
536 0.447059 0.0935905
541 0.477761 0.134317
546 0.477761 0.134317
551 0.477761 0.134317
556 0.477761 0.134317
561 0.47078 0.127652
566 0.47078 0.127652
571 0.47078 0.127652
576 0.47078 0.127652
581 0.481805 0.220047
586 0.481805 0.220047
591 0.481805 0.220047
596 0.481805 0.220047
601 0.544166 0.068787
606 0.544166 0.068787
611 0.544166 0.068787
616 0.544166 0.068787
621 0.607536 0.103671
626 0.607536 0.103671
631 0.607536 0.103671
636 0.607536 0.103671
641 0.61858 0.124297
646 0.61858 0.124297
651 0.61858 0.124297
656 0.61858 0.124297
661 0.623418 0.0884572
666 0.623418 0.0884572
671 0.623418 0.0884572
676 0.623418 0.0884572
681 0.628977 0.105397
686 0.628977 0.105397
691 0.628977 0.105397
696 0.628977 0.105397
701 0.633822 0.100685
706 0.633822 0.100685
711 0.633822 0.100685
716 0.633822 0.100685
721 0.642711 0.115643
726 0.642711 0.115643
731 0.642711 0.115643
736 0.642711 0.115643
741 0.647423 0.0745645
746 0.647423 0.0745645
751 0.647423 0.0745645
756 0.647423 0.0745645
761 0.655599 0.035929
766 0.655599 0.035929
771 0.655599 0.035929
776 0.655599 0.035929
781 0.662037 0.078304
786 0.662037 0.078304
791 0.662037 0.078304
796 0.662037 0.078304
801 0.655068 0.0271615
806 0.655068 0.0271615
811 0.655068 0.0271615
816 0.655068 0.0271615
821 0.69592 0.0388259
826 0.69592 0.0388259
831 0.69592 0.0388259
836 0.69592 0.0388259
841 0.763317 0.0514788
846 0.763317 0.0514788
851 0.763317 0.0514788
856 0.763317 0.0514788
861 0.77576 0.0350782
866 0.77576 0.0350782
871 0.77576 0.0350782
876 0.77576 0.0350782
881 0.779726 0.0264201
886 0.779726 0.0264201
891 0.779726 0.0264201
896 0.779726 0.0264201
901 0.772429 0.0284094
906 0.772429 0.0284094
911 0.772429 0.0284094
916 0.772429 0.0284094
921 0.770792 0.0174297
926 0.770792 0.0174297
931 0.770792 0.0174297
936 0.770792 0.0174297
941 0.770902 0.0246982
946 0.770902 0.0246982
951 0.770902 0.0246982
956 0.770902 0.0246982
961 0.776132 0.0482619
966 0.776132 0.0482619
971 0.776132 0.0482619
976 0.776132 0.0482619
981 0.760769 0.0383721
986 0.760769 0.0383721
991 0.760769 0.0383721
996 0.760769 0.0383721
1001 0.762082 0.0496394
1006 0.762082 0.0496394
1011 0.762082 0.0496394
1016 0.762082 0.0496394
1021 0.753189 0.0366826
1026 0.753189 0.0366826
1031 0.753189 0.0366826
1036 0.753189 0.0366826
1041 0.756572 0.0417146
1046 0.756572 0.0417146
1051 0.756572 0.0417146
1056 0.756572 0.0417146
1061 0.753124 0.0357953
1066 0.753124 0.0357953
1071 0.753124 0.0357953
1076 0.753124 0.0357953
1081 0.752212 0.0215947
1086 0.752212 0.0215947
1091 0.752212 0.0215947
1096 0.752212 0.0215947
1101 0.757151 0.0539097
1106 0.757151 0.0539097
1111 0.757151 0.0539097
1116 0.757151 0.0539097
1121 0.754157 0.0347581
1126 0.754157 0.0347581
1131 0.754157 0.0347581
1136 0.754157 0.0347581
1141 0.76525 0.0453407
1146 0.76525 0.0453407
1151 0.76525 0.0453407
1156 0.76525 0.0453407
1161 0.754801 0.0617657
1166 0.754801 0.0617657
1171 0.754801 0.0617657
1176 0.754801 0.0617657
1181 0.756025 0.0429139
1186 0.756025 0.0429139
1191 0.756025 0.0429139
1196 0.756025 0.0429139
1201 0.76935 0.0298639
1206 0.76935 0.0298639
1211 0.76935 0.0298639
1216 0.76935 0.0298639
1221 0.766571 0.04654
1226 0.766571 0.04654
1231 0.766571 0.04654
1236 0.766571 0.04654
1241 0.756531 0.0415769
1246 0.756531 0.0415769
1251 0.756531 0.0415769
1256 0.756531 0.0415769
1261 0.755077 0.0451584
1266 0.755077 0.0451584
1271 0.755077 0.0451584
1276 0.755077 0.0451584
1281 0.752852 0.0316911
1286 0.752852 0.0316911
1291 0.752852 0.0316911
1296 0.752852 0.0316911
1301 0.751297 0.0297788
1306 0.751297 0.0297788
1311 0.751297 0.0297788
1316 0.751297 0.0297788
1321 0.73272 0.0369824
1326 0.73272 0.0369824
1331 0.73272 0.0369824
1336 0.73272 0.0369824
1341 0.72629 0.0522405
1346 0.72629 0.0522405
1351 0.72629 0.0522405
1356 0.72629 0.0522405
1361 0.725833 0.0490276
1366 0.725833 0.0490276
1371 0.725833 0.0490276
1376 0.725833 0.0490276
1381 0.731622 0.040726
1386 0.731622 0.040726
1391 0.731622 0.040726
1396 0.731622 0.040726
1401 0.735678 0.044972
1406 0.735678 0.044972
1411 0.735678 0.044972
1416 0.735678 0.044972
1421 0.755911 0.0942914
1426 0.755911 0.0942914
1431 0.755911 0.0942914
1436 0.755911 0.0942914
1441 0.760242 0.291682
1446 0.760242 0.291682
1451 0.760242 0.291682
1456 0.760242 0.291682
1461 0.791285 0.293866
1466 0.791285 0.293866
1471 0.791285 0.293866
1476 0.791285 0.293866
1481 0.806912 0.556377
1486 0.806912 0.556377
1491 0.806912 0.556377
1496 0.806912 0.556377
1501 0.834957 0.68302
1506 0.834957 0.68302
1511 0.834957 0.68302
1516 0.834957 0.68302
1521 0.846686 0.721732
1526 0.846686 0.721732
1531 0.846686 0.721732
1536 0.846686 0.721732
1541 0.803294 0.603906
1546 0.803294 0.603906
1551 0.803294 0.603906
1556 0.803294 0.603906
1561 0.752123 0.670476
1566 0.752123 0.670476
1571 0.752123 0.670476
1576 0.752123 0.670476
1581 0.773499 0.577036
1586 0.773499 0.577036
1591 0.773499 0.577036
1596 0.773499 0.577036
1601 0.751151 0.684434
1606 0.751151 0.684434
1611 0.751151 0.684434
1616 0.751151 0.684434
1621 0.707499 0.744543
1626 0.707499 0.744543
1631 0.707499 0.744543
1636 0.707499 0.744543
1641 0.726222 0.747435
1646 0.726222 0.747435
1651 0.726222 0.747435
1656 0.726222 0.747435
1661 0.722624 0.604526
1666 0.722624 0.604526
1671 0.722624 0.604526
1676 0.722624 0.604526
1681 0.724483 0.61117
1686 0.724483 0.61117
1691 0.724483 0.61117
1696 0.724483 0.61117
1701 0.7201 0.661993
1706 0.7201 0.661993
1711 0.7201 0.661993
1716 0.7201 0.661993
1721 0.663864 0.642403
1726 0.663864 0.642403
1731 0.663864 0.642403
1736 0.663864 0.642403
1741 0.486152 0.551645
1746 0.486152 0.551645
1751 0.486152 0.551645
1756 0.486152 0.551645
1761 0.368191 0.504039
1766 0.368191 0.504039
1771 0.368191 0.504039
1776 0.368191 0.504039
1781 0.374054 0.495843
1786 0.374054 0.495843
1791 0.374054 0.495843
1796 0.374054 0.495843
1801 0.323138 0.237837
1806 0.323138 0.237837
1811 0.323138 0.237837
1816 0.323138 0.237837
1821 0.291318 0.480646
1826 0.291318 0.480646
1831 0.291318 0.480646
1836 0.291318 0.480646
1841 0.235078 0.443177
1846 0.235078 0.443177
1851 0.235078 0.443177
1856 0.235078 0.443177
1861 0.151754 0.322486
1866 0.151754 0.322486
1871 0.151754 0.322486
1876 0.151754 0.322486
1881 0.216393 0.340969
1886 0.216393 0.340969
1891 0.216393 0.340969
1896 0.216393 0.340969
1901 0.303257 0.500081
1906 0.303257 0.500081
1911 0.303257 0.500081
1916 0.303257 0.500081
1921 0.35767 0.507661
1926 0.35767 0.507661
1931 0.35767 0.507661
1936 0.35767 0.507661
1941 0.2582 0.382874
1946 0.2582 0.382874
1951 0.2582 0.382874
1956 0.2582 0.382874
1961 0.101884 0.147804
1966 0.101884 0.147804
1971 0.101884 0.147804
1976 0.101884 0.147804
1981 0.00737379 0.0936512
1986 0.00737379 0.0936512
1991 0.00737379 0.0936512
1996 0.00737379 0.0936512
2001 0.0161211 0.0429787
2006 0.0161211 0.0429787
2011 0.0161211 0.0429787
2016 0.0161211 0.0429787
2021 0.245993 0.190742
2026 0.245993 0.190742
2031 0.245993 0.190742
2036 0.245993 0.190742
2041 0.279556 0.333603
2046 0.279556 0.333603
2051 0.279556 0.333603
2056 0.279556 0.333603
2061 0.113601 0.290507
2066 0.113601 0.290507
2071 0.113601 0.290507
2076 0.113601 0.290507
2081 0.0153026 0.136999
2086 0.0153026 0.136999
2091 0.0153026 0.136999
2096 0.0153026 0.136999
2101 0.0270805 0.0480431
2106 0.0270805 0.0480431
2111 0.0270805 0.0480431
2116 0.0270805 0.0480431
2121 0.213058 0.157119
2126 0.213058 0.157119
2131 0.213058 0.157119
2136 0.213058 0.157119
2141 0.339981 0.213232
2146 0.339981 0.213232
2151 0.339981 0.213232
2156 0.339981 0.213232
2161 0.287355 0.273629
2166 0.287355 0.273629
2171 0.287355 0.273629
2176 0.287355 0.273629
2181 0.156547 0.24462
2186 0.156547 0.24462
2191 0.156547 0.24462
2196 0.156547 0.24462
2201 0.021072 0.0894336
2206 0.021072 0.0894336
2211 0.021072 0.0894336
2216 0.021072 0.0894336
2221 0.00116279 0.036399
2226 0.00116279 0.036399
2231 0.00116279 0.036399
2236 0.00116279 0.036399
2241 0.00209464 0.00800989
2246 0.00209464 0.00800989
2251 0.00209464 0.00800989
2256 0.00209464 0.00800989
2261 0.00441617 0.0186371
2266 0.00441617 0.0186371
2271 0.00441617 0.0186371
2276 0.00441617 0.0186371
2281 0.0752289 0.113099
2286 0.0752289 0.113099
2291 0.0752289 0.113099
2296 0.0752289 0.113099
2301 0.101191 0.224755
2306 0.101191 0.224755
2311 0.101191 0.224755
2316 0.101191 0.224755
2321 0.0553561 0.208658
2326 0.0553561 0.208658
2331 0.0553561 0.208658
2336 0.0553561 0.208658
2341 0.0245158 0.122952
2346 0.0245158 0.122952
2351 0.0245158 0.122952
2356 0.0245158 0.122952
2361 0.00980877 0.0811685
2366 0.00980877 0.0811685
2371 0.00980877 0.0811685
2376 0.00980877 0.0811685
2381 0.0126854 0.0644518
2386 0.0126854 0.0644518
2391 0.0126854 0.0644518
2396 0.0126854 0.0644518
2401 0.0686614 0.130459
2406 0.0686614 0.130459
2411 0.0686614 0.130459
2416 0.0686614 0.130459
2421 0.0415242 0.162009
2426 0.0415242 0.162009
2431 0.0415242 0.162009
2436 0.0415242 0.162009
2441 0.0370837 0.0676444
2446 0.0370837 0.0676444
2451 0.0370837 0.0676444
2456 0.0370837 0.0676444
2461 0.0584393 0.0907868
2466 0.0584393 0.0907868
2471 0.0584393 0.0907868
2476 0.0584393 0.0907868
2481 0.00826513 0.0434487
2486 0.00826513 0.0434487
2491 0.00826513 0.0434487
2496 0.00826513 0.0434487
2501 0.0165829 0.0793574
2506 0.0165829 0.0793574
2511 0.0165829 0.0793574
2516 0.0165829 0.0793574
2521 0.0587635 0.122843
2526 0.0587635 0.122843
2531 0.0587635 0.122843
2536 0.0587635 0.122843
2541 0.0830808 0.161154
2546 0.0830808 0.161154
2551 0.0830808 0.161154
2556 0.0830808 0.161154
2561 0.0336723 0.129848
2566 0.0336723 0.129848
2571 0.0336723 0.129848
2576 0.0336723 0.129848
2581 0.000542906 0.0134349
2586 0.000542906 0.0134349
2591 0.000542906 0.0134349
2596 0.000542906 0.0134349
2601 0.000530751 0.0683737
2606 0.000530751 0.0683737
2611 0.000530751 0.0683737
2616 0.000530751 0.0683737
2621 0.00068471 0.116542
2626 0.00068471 0.116542
2631 0.00068471 0.116542
2636 0.00068471 0.116542
2641 0.0710275 0.0714691
2646 0.0710275 0.0714691
2651 0.0710275 0.0714691
2656 0.0710275 0.0714691
2661 0.178555 0.225537
2666 0.178555 0.225537
2671 0.178555 0.225537
2676 0.178555 0.225537
2681 0.148728 0.299319
2686 0.148728 0.299319
2691 0.148728 0.299319
2696 0.148728 0.299319
2701 0.0647922 0.134782
2706 0.0647922 0.134782
2711 0.0647922 0.134782
2716 0.0647922 0.134782
2721 0.0440523 0.0999473
2726 0.0440523 0.0999473
2731 0.0440523 0.0999473
2736 0.0440523 0.0999473
2741 0.0852605 0.121234
2746 0.0852605 0.121234
2751 0.0852605 0.121234
2756 0.0852605 0.121234
2761 0.102281 0.214715
2766 0.102281 0.214715
2771 0.102281 0.214715
2776 0.102281 0.214715
2781 0.114051 0.142898
2786 0.114051 0.142898
2791 0.114051 0.142898
2796 0.114051 0.142898
2801 0.120343 0.192124
2806 0.120343 0.192124
2811 0.120343 0.192124
2816 0.120343 0.192124
2821 0.124086 0.115092
2826 0.124086 0.115092
2831 0.124086 0.115092
2836 0.124086 0.115092
2841 0.125132 0.0413338
2846 0.125132 0.0413338
2851 0.125132 0.0413338
2856 0.125132 0.0413338
2861 0.125448 0.0404951
2866 0.125448 0.0404951
2871 0.125448 0.0404951
2876 0.125448 0.0404951
2881 0.13016 0.040957
2886 0.13016 0.040957
2891 0.13016 0.040957
2896 0.13016 0.040957
2901 0.137132 0.0792885
2906 0.137132 0.0792885
2911 0.137132 0.0792885
2916 0.137132 0.0792885
2921 0.137209 0.0703873
2926 0.137209 0.0703873
2931 0.137209 0.0703873
2936 0.137209 0.0703873
2941 0.148866 0.0822786
2946 0.148866 0.0822786
2951 0.148866 0.0822786
2956 0.148866 0.0822786
2961 0.241305 0.111061
2966 0.241305 0.111061
2971 0.241305 0.111061
2976 0.241305 0.111061
2981 0.342031 0.157645
2986 0.342031 0.157645
2991 0.342031 0.157645
2996 0.342031 0.157645
3001 0.466737 0.173422
3006 0.466737 0.173422
3011 0.466737 0.173422
3016 0.466737 0.173422
3021 0.622263 0.299514
3026 0.622263 0.299514
3031 0.622263 0.299514
3036 0.622263 0.299514
3041 0.671866 0.441577
3046 0.671866 0.441577
3051 0.671866 0.441577
3056 0.671866 0.441577
3061 0.649984 0.17518
3066 0.649984 0.17518
3071 0.649984 0.17518
3076 0.649984 0.17518
3081 0.660299 0.155595
3086 0.660299 0.155595
3091 0.660299 0.155595
3096 0.660299 0.155595
3101 0.66982 0.210579
3106 0.66982 0.210579
3111 0.66982 0.210579
3116 0.66982 0.210579
3121 0.655692 0.179933
3126 0.655692 0.179933
3131 0.655692 0.179933
3136 0.655692 0.179933
3141 0.67025 0.143979
3146 0.67025 0.143979
3151 0.67025 0.143979
3156 0.67025 0.143979
3161 0.661474 0.0706223
3166 0.661474 0.0706223
3171 0.661474 0.0706223
3176 0.661474 0.0706223
3181 0.661247 0.0964671
3186 0.661247 0.0964671
3191 0.661247 0.0964671
3196 0.661247 0.0964671
3201 0.663771 0.13161
3206 0.663771 0.13161
3211 0.663771 0.13161
3216 0.663771 0.13161
3221 0.659562 0.0820031
3226 0.659562 0.0820031
3231 0.659562 0.0820031
3236 0.659562 0.0820031
3241 0.653602 0.0516935
3246 0.653602 0.0516935
3251 0.653602 0.0516935
3256 0.653602 0.0516935
3261 0.650883 0.0352078
3266 0.650883 0.0352078
3271 0.650883 0.0352078
3276 0.650883 0.0352078
3281 0.659144 0.0312414
3286 0.659144 0.0312414
3291 0.659144 0.0312414
3296 0.659144 0.0312414
3301 0.671011 0.0232599
3306 0.671011 0.0232599
3311 0.671011 0.0232599
3316 0.671011 0.0232599
3321 0.665428 0.0483956
3326 0.665428 0.0483956
3331 0.665428 0.0483956
3336 0.665428 0.0483956
3341 0.649109 0.0657605
3346 0.649109 0.0657605
3351 0.649109 0.0657605
3356 0.649109 0.0657605
3361 0.654489 0.080658
3366 0.654489 0.080658
3371 0.654489 0.080658
3376 0.654489 0.080658
3381 0.650462 0.0307876
3386 0.650462 0.0307876
3391 0.650462 0.0307876
3396 0.650462 0.0307876
3401 0.656328 0.0523783
3406 0.656328 0.0523783
3411 0.656328 0.0523783
3416 0.656328 0.0523783
3421 0.647853 0.0691273
3426 0.647853 0.0691273
3431 0.647853 0.0691273
3436 0.647853 0.0691273
3441 0.690216 0.0477352
3446 0.690216 0.0477352
3451 0.690216 0.0477352
3456 0.690216 0.0477352
3461 0.706543 0.0643708
3466 0.706543 0.0643708
3471 0.706543 0.0643708
3476 0.706543 0.0643708
3481 0.709197 0.0478203
3486 0.709197 0.0478203
3491 0.709197 0.0478203
3496 0.709197 0.0478203
3501 0.715554 0.019889
3506 0.715554 0.019889
3511 0.715554 0.019889
3516 0.715554 0.019889
3521 0.725675 0.0772871
3526 0.725675 0.0772871
3531 0.725675 0.0772871
3536 0.725675 0.0772871
3541 0.717223 0.184961
3546 0.717223 0.184961
3551 0.717223 0.184961
3556 0.717223 0.184961
3561 0.705786 0.0261608
3566 0.705786 0.0261608
3571 0.705786 0.0261608
3576 0.705786 0.0261608
3581 0.711344 0.0425533
3586 0.711344 0.0425533
3591 0.711344 0.0425533
3596 0.711344 0.0425533
3601 0.7072 0.0619601
3606 0.7072 0.0619601
3611 0.7072 0.0619601
3616 0.7072 0.0619601
3621 0.701442 0.0758042
3626 0.701442 0.0758042
3631 0.701442 0.0758042
3636 0.701442 0.0758042
3641 0.713386 0.0407301
3646 0.713386 0.0407301
3651 0.713386 0.0407301
3656 0.713386 0.0407301
3661 0.716842 0.0450004
3666 0.716842 0.0450004
3671 0.716842 0.0450004
3676 0.716842 0.0450004
3681 0.716721 0.0276315
3686 0.716721 0.0276315
3691 0.716721 0.0276315
3696 0.716721 0.0276315
3701 0.705636 0.064071
3706 0.705636 0.064071
3711 0.705636 0.064071
3716 0.705636 0.064071
3721 0.694056 0.0721092
3726 0.694056 0.0721092
3731 0.694056 0.0721092
3736 0.694056 0.0721092
3741 0.692756 0.0641439
3746 0.692756 0.0641439
3751 0.692756 0.0641439
3756 0.692756 0.0641439
3761 0.682595 0.0835102
3766 0.682595 0.0835102
3771 0.682595 0.0835102
3776 0.682595 0.0835102
3781 0.682578 0.061559
3786 0.682578 0.061559
3791 0.682578 0.061559
3796 0.682578 0.061559
3801 0.668151 0.0392756
3806 0.668151 0.0392756
3811 0.668151 0.0392756
3816 0.668151 0.0392756
3821 0.788441 0.0785876
3826 0.788441 0.0785876
3831 0.788441 0.0785876
3836 0.788441 0.0785876
3841 0.797435 0.0258974
3846 0.797435 0.0258974
3851 0.797435 0.0258974
3856 0.797435 0.0258974
3861 0.794676 0.0352646
3866 0.794676 0.0352646
3871 0.794676 0.0352646
3876 0.794676 0.0352646
3881 0.795495 0.0800462
3886 0.795495 0.0800462
3891 0.795495 0.0800462
3896 0.795495 0.0800462
3901 0.792375 0.0651608
3906 0.792375 0.0651608
3911 0.792375 0.0651608
3916 0.792375 0.0651608
3921 0.790831 0.0598736
3926 0.790831 0.0598736
3931 0.790831 0.0598736
3936 0.790831 0.0598736
3941 0.792792 0.0345555
3946 0.792792 0.0345555
3951 0.792792 0.0345555
3956 0.792792 0.0345555
3961 0.793473 0.0438012
3966 0.793473 0.0438012
3971 0.793473 0.0438012
3976 0.793473 0.0438012
3981 0.794611 0.0394174
3986 0.794611 0.0394174
3991 0.794611 0.0394174
3996 0.794611 0.0394174
4001 0.794879 0.0228669
4006 0.794879 0.0228669
4011 0.794879 0.0228669
4016 0.794879 0.0228669
4021 0.79573 0.0618588
4026 0.79573 0.0618588
4031 0.79573 0.0618588
4036 0.79573 0.0618588
4041 0.795661 0.0203914
4046 0.795661 0.0203914
4051 0.795661 0.0203914
4056 0.795661 0.0203914
4061 0.784082 0.0336196
4066 0.784082 0.0336196
4071 0.784082 0.0336196
4076 0.784082 0.0336196
4081 0.79389 0.0467993
4086 0.79389 0.0467993
4091 0.79389 0.0467993
4096 0.79389 0.0467993
4101 0.79387 0.0751438
4106 0.79387 0.0751438
4111 0.79387 0.0751438
4116 0.79387 0.0751438
4121 0.793842 0.0846285
4126 0.793842 0.0846285
4131 0.793842 0.0846285
4136 0.793842 0.0846285
4141 0.789474 0.258516
4146 0.789474 0.258516
4151 0.789474 0.258516
4156 0.789474 0.258516
4161 0.783474 0.313958
4166 0.783474 0.313958
4171 0.783474 0.313958
4176 0.783474 0.313958
4181 0.795179 0.327425
4186 0.795179 0.327425
4191 0.795179 0.327425
4196 0.795179 0.327425
4201 0.806616 0.284292
4206 0.806616 0.284292
4211 0.806616 0.284292
4216 0.806616 0.284292
4221 0.816368 0.672121
4226 0.816368 0.672121
4231 0.816368 0.672121
4236 0.816368 0.672121
4241 0.847687 0.476882
4246 0.847687 0.476882
4251 0.847687 0.476882
4256 0.847687 0.476882
4261 0.721113 0.555356
4266 0.721113 0.555356
4271 0.721113 0.555356
4276 0.721113 0.555356
4281 0.765351 0.530496
4286 0.765351 0.530496
4291 0.765351 0.530496
4296 0.765351 0.530496
4301 0.708958 0.670229
4306 0.708958 0.670229
4311 0.708958 0.670229
4316 0.708958 0.670229
4321 0.659331 0.648764
4326 0.659331 0.648764
4331 0.659331 0.648764
4336 0.659331 0.648764
4341 0.604445 0.601572
4346 0.604445 0.601572
4351 0.604445 0.601572
4356 0.604445 0.601572
4361 0.609934 0.536751
4366 0.609934 0.536751
4371 0.609934 0.536751
4376 0.609934 0.536751
4381 0.589762 0.705332
4386 0.589762 0.705332
4391 0.589762 0.705332
4396 0.589762 0.705332
4401 0.516919 0.409562
4406 0.516919 0.409562
4411 0.516919 0.409562
4416 0.516919 0.409562
4421 0.496248 0.63411
4426 0.496248 0.63411
4431 0.496248 0.63411
4436 0.496248 0.63411
4441 0.459294 0.693562
4446 0.459294 0.693562
4451 0.459294 0.693562
4456 0.459294 0.693562
4461 0.47783 0.702585
4466 0.47783 0.702585
4471 0.47783 0.702585
4476 0.47783 0.702585
4481 0.488202 0.582145
4486 0.488202 0.582145
4491 0.488202 0.582145
4496 0.488202 0.582145
4501 0.482254 0.580111
4506 0.482254 0.580111
4511 0.482254 0.580111
4516 0.482254 0.580111
4521 0.671716 0.510502
4526 0.671716 0.510502
4531 0.671716 0.510502
4536 0.671716 0.510502
4541 0.763058 0.533482
4546 0.763058 0.533482
4551 0.763058 0.533482
4556 0.763058 0.533482
4561 0.598695 0.56873
4566 0.598695 0.56873
4571 0.598695 0.56873
4576 0.598695 0.56873
4581 0.493104 0.708893
4586 0.493104 0.708893
4591 0.493104 0.708893
4596 0.493104 0.708893
4601 0.493343 0.608075
4606 0.493343 0.608075
4611 0.493343 0.608075
4616 0.493343 0.608075
4621 0.430038 0.409116
4626 0.430038 0.409116
4631 0.430038 0.409116
4636 0.430038 0.409116
4641 0.408245 0.564213
4646 0.408245 0.564213
4651 0.408245 0.564213
4656 0.408245 0.564213
4661 0.434807 0.550523
4666 0.434807 0.550523
4671 0.434807 0.550523
4676 0.434807 0.550523
4681 0.273864 0.402986
4686 0.273864 0.402986
4691 0.273864 0.402986
4696 0.273864 0.402986
4701 0.290536 0.467021
4706 0.290536 0.467021
4711 0.290536 0.467021
4716 0.290536 0.467021
4721 0.406264 0.533061
4726 0.406264 0.533061
4731 0.406264 0.533061
4736 0.406264 0.533061
4741 0.371011 0.564241
4746 0.371011 0.564241
4751 0.371011 0.564241
4756 0.371011 0.564241
4761 0.220092 0.534329
4766 0.220092 0.534329
4771 0.220092 0.534329
4776 0.220092 0.534329
4781 0.0807187 0.318714
4786 0.0807187 0.318714
4791 0.0807187 0.318714
4796 0.0807187 0.318714
4801 0.000299814 0.095284
4806 0.000299814 0.095284
4811 0.000299814 0.095284
4816 0.000299814 0.095284
4821 0.000202577 0.089466
4826 0.000202577 0.089466
4831 0.000202577 0.089466
4836 0.000202577 0.089466
4841 0.00102909 0.0571429
4846 0.00102909 0.0571429
4851 0.00102909 0.0571429
4856 0.00102909 0.0571429
4861 0.00174621 0.0415282
4866 0.00174621 0.0415282
4871 0.00174621 0.0415282
4876 0.00174621 0.0415282
4881 0.000542906 0.00851228
4886 0.000542906 0.00851228
4891 0.000542906 0.00851228
4896 0.000542906 0.00851228
4901 0.00479702 0.0136172
4906 0.00479702 0.0136172
4911 0.00479702 0.0136172
4916 0.00479702 0.0136172
4921 0.0275545 0.0448991
4926 0.0275545 0.0448991
4931 0.0275545 0.0448991
4936 0.0275545 0.0448991
4941 0.100895 0.168341
4946 0.100895 0.168341
4951 0.100895 0.168341
4956 0.100895 0.168341
4961 0.085925 0.246062
4966 0.085925 0.246062
4971 0.085925 0.246062
4976 0.085925 0.246062
4981 0.0745564 0.238996
4986 0.0745564 0.238996
4991 0.0745564 0.238996
4996 0.0745564 0.238996
5001 0.0931853 0.209967
5006 0.0931853 0.209967
5011 0.0931853 0.209967
5016 0.0931853 0.209967
5021 0.0264646 0.108391
5026 0.0264646 0.108391
5031 0.0264646 0.108391
5036 0.0264646 0.108391
5041 0.0148853 0.0380439
5046 0.0148853 0.0380439
5051 0.0148853 0.0380439
5056 0.0148853 0.0380439
5061 0.133012 0.165538
5066 0.133012 0.165538
5071 0.133012 0.165538
5076 0.133012 0.165538
5081 0.222421 0.341962
5086 0.222421 0.341962
5091 0.222421 0.341962
5096 0.222421 0.341962
5101 0.127518 0.264464
5106 0.127518 0.264464
5111 0.127518 0.264464
5116 0.127518 0.264464
5121 0.0351268 0.137602
5126 0.0351268 0.137602
5131 0.0351268 0.137602
5136 0.0351268 0.137602
5141 0.000121546 0.0266713
5146 0.000121546 0.0266713
5151 0.000121546 0.0266713
5156 0.000121546 0.0266713
5161 0.000234989 0.0853132
5166 0.000234989 0.0853132
5171 0.000234989 0.0853132
5176 0.000234989 0.0853132
5181 5.67215e-05 0.0421279
5186 5.67215e-05 0.0421279
5191 5.67215e-05 0.0421279
5196 5.67215e-05 0.0421279
5201 0 0.111826
5206 0 0.111826
5211 0 0.111826
5216 0 0.111826
5221 0.000133701 0.0974435
5226 0.000133701 0.0974435
5231 0.000133701 0.0974435
5236 0.000133701 0.0974435
5241 3.64638e-05 0.0924358
5246 3.64638e-05 0.0924358
5251 3.64638e-05 0.0924358
5256 3.64638e-05 0.0924358
5261 0.0343894 0.0388056
5266 0.0343894 0.0388056
5271 0.0343894 0.0388056
5276 0.0343894 0.0388056
5281 0.0620898 0.107046
5286 0.0620898 0.107046
5291 0.0620898 0.107046
5296 0.0620898 0.107046
5301 0.145483 0.152702
5306 0.145483 0.152702
5311 0.145483 0.152702
5316 0.145483 0.152702
5321 0.166068 0.266741
5326 0.166068 0.266741
5331 0.166068 0.266741
5336 0.166068 0.266741
5341 0.182979 0.141686
5346 0.182979 0.141686
5351 0.182979 0.141686
5356 0.182979 0.141686
5361 0.2472 0.172895
5366 0.2472 0.172895
5371 0.2472 0.172895
5376 0.2472 0.172895
5381 0.254825 0.198262
5386 0.254825 0.198262
5391 0.254825 0.198262
5396 0.254825 0.198262
5401 0.296706 0.273394
5406 0.296706 0.273394
5411 0.296706 0.273394
5416 0.296706 0.273394
5421 0.32881 0.203383
5426 0.32881 0.203383
5431 0.32881 0.203383
5436 0.32881 0.203383
5441 0.390195 0.228409
5446 0.390195 0.228409
5451 0.390195 0.228409
5456 0.390195 0.228409
5461 0.407832 0.320813
5466 0.407832 0.320813
5471 0.407832 0.320813
5476 0.407832 0.320813
5481 0.417734 0.199688
5486 0.417734 0.199688
5491 0.417734 0.199688
5496 0.417734 0.199688
5501 0.504485 0.122595
5506 0.504485 0.122595
5511 0.504485 0.122595
5516 0.504485 0.122595
5521 0.552609 0.107657
5526 0.552609 0.107657
5531 0.552609 0.107657
5536 0.552609 0.107657
5541 0.637586 0.189178
5546 0.637586 0.189178
5551 0.637586 0.189178
5556 0.637586 0.189178
5561 0.685585 0.0952394
5566 0.685585 0.0952394
5571 0.685585 0.0952394
5576 0.685585 0.0952394
5581 0.691625 0.133535
5586 0.691625 0.133535
5591 0.691625 0.133535
5596 0.691625 0.133535
5601 0.699441 0.19562
5606 0.699441 0.19562
5611 0.699441 0.19562
5616 0.699441 0.19562
5621 0.709246 0.182137
5626 0.709246 0.182137
5631 0.709246 0.182137
5636 0.709246 0.182137
5641 0.714529 0.10344
5646 0.714529 0.10344
5651 0.714529 0.10344
5656 0.714529 0.10344
5661 0.783259 0.0954501
5666 0.783259 0.0954501
5671 0.783259 0.0954501
5676 0.783259 0.0954501
5681 0.785949 0.0610202
5686 0.785949 0.0610202
5691 0.785949 0.0610202
5696 0.785949 0.0610202
5701 0.783932 0.0607001
5706 0.783932 0.0607001
5711 0.783932 0.0607001
5716 0.783932 0.0607001
5721 0.770371 0.0842112
5726 0.770371 0.0842112
5731 0.770371 0.0842112
5736 0.770371 0.0842112
