frame_number static_density dynamic_density
1 0.66748 0.325
6 0.669309 0.29502
11 0.658537 0.255488
16 0.661077 0.196951
21 0.654472 0.205793
26 0.672256 0.197358
31 0.662703 0.197967
36 0.660163 0.197764
41 0.660468 0.195833
46 0.664634 0.263923
51 0.667886 0.204268
56 0.668598 0.181402
61 0.669106 0.235366
66 0.661281 0.181911
71 0.65874 0.123984
76 0.663618 0.0706301
81 0.667785 0.0833333
86 0.672663 0.10437
91 0.665346 0.134045
96 0.653049 0.186585
101 0.643496 0.226931
106 0.629675 0.23689
111 0.631301 0.270833
116 0.640447 0.272053
121 0.638719 0.27063
126 0.638618 0.347358
131 0.637703 0.337195
136 0.639228 0.319817
141 0.639431 0.300203
146 0.641667 0.354573
151 0.652439 0.298882
156 0.651728 0.328354
161 0.652541 0.281301
166 0.657114 0.3
171 0.664939 0.335467
176 0.664736 0.316565
181 0.665244 0.330793
186 0.664634 0.303049
191 0.668801 0.213618
196 0.671138 0.305183
201 0.672663 0.12063
206 0.673374 0.185366
211 0.671646 0.335163
216 0.671037 0.182317
221 0.673984 0.479675
226 0.672358 0.397967
231 0.67124 0.253252
236 0.671951 0.15061
241 0.671951 0.135976
246 0.671646 0.216565
251 0.673577 0.0912602
256 0.673679 0.0976626
261 0.673984 0.0506098
266 0.673882 0.189329
271 0.674594 0.253252
276 0.672459 0.10437
281 0.683232 0.070122
286 0.683028 0.0902439
291 0.670935 0.110874
296 0.662094 0.164126
301 0.664533 0.141057
306 0.667988 0.147154
311 0.671138 0.225711
316 0.672053 0.148374
321 0.665346 0.295935
326 0.669309 0.206199
331 0.672663 0.168699
336 0.671545 0.218801
341 0.672967 0.0538618
346 0.670732 0.239126
351 0.664228 0.0411585
356 0.665447 0.0478659
361 0.665549 0.0828252
366 0.665041 0.0558943
371 0.664533 0.0572154
376 0.666463 0.0408537
381 0.668598 0.0729675
386 0.670325 0.0642276
391 0.667886 0.119004
396 0.664533 0.202033
401 0.655386 0.164634
406 0.652642 0.170732
411 0.658232 0.192276
416 0.661687 0.23374
421 0.648679 0.273069
426 0.633537 0.302134
431 0.618191 0.272256
436 0.60874 0.324797
441 0.60752 0.309248
446 0.592276 0.334451
451 0.591362 0.340142
456 0.584654 0.372053
461 0.573882 0.408028
466 0.57561 0.441565
471 0.575813 0.439431
476 0.579268 0.420325
481 0.578963 0.423781
486 0.574492 0.385061
491 0.575102 0.374492
496 0.573577 0.378862
501 0.578049 0.140142
506 0.584858 0.171037
511 0.586789 0.155894
516 0.586789 0.147561
521 0.576423 0.201829
526 0.571037 0.138313
531 0.573171 0.139329
536 0.587906 0.138415
541 0.591159 0.164431
546 0.594512 0.254675
551 0.589939 0.222256
556 0.588719 0.250508
561 0.594715 0.249695
566 0.590549 0.47876
571 0.59248 0.250508
576 0.595122 0.0705285
581 0.595528 0.133232
586 0.598374 0.131199
591 0.595325 0.121951
596 0.585467 0.153659
601 0.588313 0.153455
606 0.58689 0.1875
611 0.588923 0.198374
616 0.593598 0.20874
621 0.598069 0.26687
626 0.60061 0.208232
631 0.604472 0.218902
636 0.610772 0.248069
641 0.609756 0.139939
646 0.612398 0.217276
651 0.616565 0.138821
656 0.620935 0.162093
661 0.619817 0.182012
666 0.618394 0.205488
671 0.620528 0.267683
676 0.619106 0.194411
681 0.619715 0.188821
686 0.620325 0.219919
691 0.621037 0.210671
696 0.620224 0.392683
701 0.619715 0.243902
706 0.616768 0.277033
711 0.617581 0.322358
716 0.617378 0.301931
721 0.61626 0.487602
726 0.612907 0.350406
731 0.612094 0.228252
736 0.610163 0.369817
741 0.608333 0.24248
746 0.60437 0.199898
751 0.603354 0.454878
756 0.604675 0.222866
761 0.604472 0.324085
766 0.603659 0.25498
771 0.605691 0.368394
776 0.606402 0.244919
781 0.605183 0.27561
786 0.60437 0.192276
791 0.609248 0.023374
796 0.614024 0.0614837
801 0.618902 0.0529472
806 0.621646 0.0716463
811 0.629268 0.104268
816 0.633232 0.0845528
821 0.641159 0.415854
826 0.643801 0.232215
831 0.641768 0.129167
836 0.641768 0.133841
841 0.641565 0.238618
846 0.64502 0.328557
851 0.644309 0.185671
856 0.644004 0.293801
861 0.644207 0.0951219
866 0.643598 0.286789
871 0.642785 0.388415
876 0.642683 0.252337
881 0.647866 0.263923
886 0.645325 0.342175
891 0.645833 0.163211
896 0.646443 0.3875
901 0.648069 0.151321
906 0.649289 0.27815
911 0.65 0.206809
916 0.648679 0.115752
921 0.645732 0.186585
926 0.644309 0.177744
931 0.644512 0.325508
936 0.643598 0.208232
941 0.644207 0.0773374
946 0.644715 0.0658537
951 0.642785 0.0458333
956 0.644309 0.147967
961 0.64502 0.0943089
966 0.643902 0.138008
971 0.642988 0.140549
976 0.641768 0.101728
981 0.645935 0.325711
986 0.646646 0.0505081
991 0.64563 0.124797
996 0.64563 0.134451
1001 0.647764 0.190549
1006 0.644106 0.326626
1011 0.647053 0.0958333
1016 0.647256 0.0724593
1021 0.645427 0.0610772
1026 0.644411 0.0446138
1031 0.645427 0.0673781
1036 0.646443 0.238516
1041 0.644512 0.102541
1046 0.648272 0.124593
1051 0.645325 0.0753049
1056 0.643191 0.0452236
1061 0.642683 0.0816057
1066 0.644004 0.151931
1071 0.643902 0.0803862
1076 0.645325 0.0695122
1081 0.642988 0.110976
1086 0.642683 0.318191
1091 0.64502 0.196748
1096 0.645935 0.156301
1101 0.64563 0.0636179
1106 0.643191 0.124695
1111 0.641972 0.358028
1116 0.641463 0.182622
1121 0.644309 0.0912602
1126 0.64126 0.0767276
1131 0.642785 0.0715447
1136 0.639736 0.0716463
1141 0.637805 0.0659553
1146 0.640142 0.066565
1151 0.641667 0.0384146
1156 0.643191 0.0754065
1161 0.641972 0.210264
1166 0.641972 0.0857724
1171 0.640752 0.0911585
1176 0.640752 0.075
1181 0.640854 0.0853659
1186 0.640041 0.111789
1191 0.641159 0.0461382
1196 0.641057 0.0895325
1201 0.639736 0.184045
1206 0.639024 0.222459
1211 0.640142 0.391565
1216 0.641667 0.193191
1221 0.641463 0.0952236
1226 0.641362 0.153963
1231 0.641565 0.0603659
1236 0.644106 0.135061
1241 0.641768 0.190142
1246 0.641565 0.112297
1251 0.643191 0.106504
1256 0.642073 0.0432927
1261 0.642886 0.379268
1266 0.643089 0.236789
1271 0.642581 0.247866
1276 0.642683 0.157317
1281 0.643394 0.0612805
1286 0.645528 0.282012
1291 0.645122 0.0395325
1296 0.645935 0.136789
1301 0.641972 0.0727642
1306 0.641159 0.0425813
1311 0.638821 0.265752
1316 0.639228 0.0634146
1321 0.640854 0.0773374
1326 0.640752 0.334045
1331 0.640346 0.101829
1336 0.635976 0.252846
1341 0.638821 0.226931
1346 0.637602 0.114431
1351 0.63689 0.116972
1356 0.637297 0.109553
1361 0.639431 0.142378
1366 0.636585 0.0995935
1371 0.635061 0.086687
1376 0.637297 0.0791667
1381 0.639126 0.0614837
1386 0.639634 0.0571138
1391 0.641362 0.0494919
1396 0.64187 0.0458333
1401 0.64248 0.0957317
1406 0.640752 0.0659553
1411 0.642988 0.112805
1416 0.641057 0.115854
1421 0.64126 0.225203
1426 0.636484 0.230691
1431 0.639024 0.251016
1436 0.631098 0.334654
1441 0.617175 0.379472
1446 0.620833 0.45874
1451 0.614837 0.518902
1456 0.60813 0.485467
1461 0.605996 0.515854
1466 0.598374 0.511687
1471 0.6 0.59248
1476 0.602744 0.801626
1481 0.59065 0.771037
1486 0.577947 0.708232
1491 0.568293 0.739533
1496 0.568089 0.796138
1501 0.569614 0.823984
1506 0.587398 0.87063
1511 0.596341 0.938516
1516 0.60498 0.918699
1521 0.610874 0.944207
1526 0.607317 0.934756
1531 0.598272 0.901016
1536 0.569919 0.928252
1541 0.550813 0.921545
1546 0.574187 0.916565
1551 0.575711 0.923679
1556 0.585772 0.897459
1561 0.583943 0.886992
1566 0.597764 0.888415
1571 0.60874 0.932419
1576 0.631606 0.87002
1581 0.637805 0.92063
1586 0.617175 0.903862
1591 0.587297 0.88252
1596 0.562297 0.888719
1601 0.587297 0.928455
1606 0.600203 0.864533
1611 0.596748 0.813313
1616 0.594817 0.858943
1621 0.579268 0.866463
1626 0.606301 0.900711
1631 0.59624 0.870224
1636 0.588008 0.838821
1641 0.560467 0.85813
1646 0.536077 0.877846
1651 0.531199 0.799594
1656 0.537195 0.852236
1661 0.540041 0.809858
1666 0.546138 0.828659
1671 0.560874 0.871138
1676 0.561077 0.909756
1681 0.542581 0.888821
1686 0.536789 0.864329
1691 0.545427 0.825305
1696 0.567581 0.768598
1701 0.592785 0.743394
1706 0.589736 0.692378
1711 0.55874 0.786382
1716 0.532114 0.709553
1721 0.507317 0.67937
1726 0.483333 0.791972
1731 0.481301 0.798272
1736 0.503963 0.792073
1741 0.530081 0.826829
1746 0.543394 0.834045
1751 0.574898 0.79065
1756 0.634959 0.74685
1761 0.644106 0.725203
1766 0.651931 0.751931
1771 0.667988 0.76565
1776 0.659451 0.776931
1781 0.647967 0.797053
1786 0.651728 0.730386
1791 0.663618 0.67185
1796 0.684756 0.653862
1801 0.720935 0.672866
1806 0.702337 0.701118
1811 0.679878 0.743089
1816 0.651728 0.722256
1821 0.615041 0.698679
1826 0.585467 0.598272
1831 0.593801 0.593902
1836 0.612398 0.652947
1841 0.643089 0.568699
1846 0.618293 0.502541
1851 0.626118 0.439329
1856 0.644715 0.378354
1861 0.651728 0.406504
1866 0.631098 0.465447
1871 0.638313 0.458333
1876 0.647358 0.516972
1881 0.642276 0.575508
1886 0.617785 0.6375
1891 0.595833 0.536281
1896 0.580691 0.673984
1901 0.585569 0.641362
1906 0.524898 0.72124
1911 0.535264 0.736077
1916 0.561789 0.748374
1921 0.596545 0.683638
1926 0.652642 0.54126
1931 0.674695 0.534248
1936 0.706911 0.538821
1941 0.694614 0.480183
1946 0.70061 0.40498
1951 0.696138 0.341463
1956 0.693089 0.26626
1961 0.677744 0.208435
1966 0.683232 0.168293
1971 0.681707 0.126524
1976 0.681606 0.0906504
1981 0.682317 0.0909553
1986 0.69939 0.220122
1991 0.69878 0.077439
1996 0.697764 0.0697154
2001 0.719614 0.151524
2006 0.747154 0.140142
2011 0.727033 0.283841
2016 0.698374 0.319004
2021 0.632927 0.431301
2026 0.52561 0.571748
2031 0.481911 0.597764
2036 0.504065 0.587398
2041 0.511484 0.41372
2046 0.647967 0.42937
2051 0.70874 0.409451
2056 0.712805 0.327744
2061 0.736992 0.350508
2066 0.730589 0.239837
2071 0.719207 0.198679
2076 0.712195 0.126016
2081 0.709654 0.109959
2086 0.708435 0.0908537
2091 0.706707 0.0464431
2096 0.70437 0.0495935
2101 0.710569 0.065752
2106 0.70935 0.141768
2111 0.688008 0.185874
2116 0.642683 0.206301
2121 0.601016 0.287805
2126 0.595732 0.312093
2131 0.560772 0.439329
2136 0.535874 0.391768
2141 0.544004 0.385366
2146 0.541565 0.378963
2151 0.540142 0.326423
2156 0.578659 0.313618
2161 0.55498 0.458435
2166 0.534654 0.465752
2171 0.540041 0.356098
2176 0.563313 0.33872
2181 0.602236 0.392581
2186 0.646138 0.350203
2191 0.689329 0.216972
2196 0.704167 0.174797
2201 0.699187 0.143902
2206 0.701829 0.0868902
2211 0.70061 0.0619919
2216 0.70061 0.0302846
2221 0.701219 0.117785
2226 0.701829 0.0447154
2231 0.701728 0.0478659
2236 0.701728 0.0554878
2241 0.700305 0.0831301
2246 0.700406 0.0770325
2251 0.701321 0.0676829
2256 0.701423 0.0329268
2261 0.705183 0.0604675
2266 0.705183 0.0773374
2271 0.719512 0.146138
2276 0.693801 0.217886
2281 0.670833 0.27378
2286 0.67622 0.326016
2291 0.670935 0.343699
2296 0.686789 0.331199
2301 0.689533 0.32124
2306 0.678963 0.38313
2311 0.703049 0.347154
2316 0.714532 0.354167
2321 0.705183 0.40061
2326 0.693394 0.337398
2331 0.704268 0.237703
2336 0.701728 0.270224
2341 0.704776 0.181504
2346 0.707724 0.155488
2351 0.698577 0.134045
2356 0.694106 0.168191
2361 0.690041 0.23374
2366 0.694715 0.145935
2371 0.700915 0.162093
2376 0.707825 0.153049
2381 0.712398 0.155285
2386 0.71748 0.179776
2391 0.695224 0.088313
2396 0.638008 0.317886
2401 0.62561 0.265142
2406 0.628963 0.24939
2411 0.620732 0.276829
2416 0.661687 0.243699
2421 0.674797 0.161077
2426 0.703252 0.0884146
2431 0.706707 0.0569106
2436 0.705996 0.0965447
2441 0.692886 0.187093
2446 0.699085 0.24187
2451 0.689939 0.228557
2456 0.684858 0.255488
2461 0.688618 0.19126
2466 0.705996 0.156809
2471 0.709146 0.142073
2476 0.710874 0.100305
2481 0.701423 0.112805
2486 0.697358 0.145122
2491 0.703557 0.137195
2496 0.700508 0.146646
2501 0.701118 0.184553
2506 0.717886 0.178963
2511 0.728252 0.177439
2516 0.711585 0.236077
2521 0.687093 0.312805
2526 0.655386 0.297154
2531 0.664533 0.338821
2536 0.672561 0.345427
2541 0.648984 0.356504
2546 0.679776 0.402744
2551 0.693191 0.330589
2556 0.681301 0.213211
2561 0.700711 0.160976
2566 0.712297 0.107114
2571 0.713821 0.0567073
2576 0.713923 0.255589
2581 0.714126 0.212195
2586 0.716667 0.335061
2591 0.717073 0.315244
2596 0.717581 0.276016
2601 0.718902 0.399898
2606 0.716972 0.276931
2611 0.716057 0.432114
2616 0.715854 0.430996
2621 0.716768 0.436179
2626 0.724797 0.0317073
2631 0.716768 0.11128
2636 0.702541 0.176931
2641 0.708537 0.296748
2646 0.680589 0.354268
2651 0.636789 0.47378
2656 0.604065 0.585874
2661 0.627236 0.590955
2666 0.649492 0.609045
2671 0.644817 0.574695
2676 0.61748 0.481098
2681 0.61626 0.45935
2686 0.646951 0.464431
2691 0.629573 0.363618
2696 0.63811 0.27378
2701 0.668293 0.248882
2706 0.67876 0.208943
2711 0.672764 0.17063
2716 0.675102 0.14248
2721 0.677947 0.124898
2726 0.682419 0.130996
2731 0.691463 0.163313
2736 0.703557 0.160163
2741 0.687703 0.228557
2746 0.685569 0.230081
2751 0.683232 0.208638
2756 0.683232 0.325915
2761 0.688923 0.314634
2766 0.682419 0.358841
2771 0.680183 0.289431
2776 0.679472 0.329776
2781 0.675305 0.330488
2786 0.684756 0.359146
2791 0.689736 0.346545
2796 0.690142 0.333435
2801 0.690752 0.348069
2806 0.687907 0.349695
2811 0.69502 0.244004
2816 0.694106 0.24685
2821 0.695325 0.134248
2826 0.694715 0.0291667
2831 0.696545 0.0713415
2836 0.699289 0.20437
2841 0.699898 0.086687
2846 0.696748 0.111484
2851 0.697154 0.12815
2856 0.69563 0.119309
2861 0.692886 0.0863821
2866 0.69624 0.14685
2871 0.695427 0.13811
2876 0.695528 0.137602
2881 0.695935 0.112195
2886 0.693394 0.14126
2891 0.68435 0.191667
2896 0.688211 0.171138
2901 0.684146 0.147764
2906 0.683841 0.17124
2911 0.679167 0.237602
2916 0.677744 0.10813
2921 0.677642 0.143293
2926 0.679776 0.136077
2931 0.680183 0.169004
2936 0.687195 0.229573
2941 0.686484 0.181606
2946 0.693293 0.162703
2951 0.690244 0.112805
2956 0.685671 0.176321
2961 0.643598 0.197154
2966 0.623171 0.20061
2971 0.597358 0.226524
2976 0.584858 0.229472
2981 0.590447 0.234959
2986 0.596138 0.280589
2991 0.60498 0.30061
2996 0.614736 0.345427
3001 0.610772 0.401118
3006 0.606504 0.475813
3011 0.614228 0.521748
3016 0.604167 0.534248
3021 0.604675 0.537805
3026 0.602337 0.459045
3031 0.593496 0.394411
3036 0.585671 0.372154
3041 0.57937 0.42622
3046 0.589329 0.37378
3051 0.592988 0.277337
3056 0.58628 0.300508
3061 0.59624 0.380589
3066 0.601524 0.302947
3071 0.604776 0.433638
3076 0.603455 0.324085
3081 0.598679 0.248272
3086 0.59126 0.264431
3091 0.603049 0.244207
3096 0.596341 0.226524
3101 0.594614 0.264533
3106 0.591667 0.247154
3111 0.581606 0.37937
3116 0.575915 0.333333
3121 0.576118 0.196138
3126 0.575102 0.251626
3131 0.572663 0.212094
3136 0.577642 0.28689
3141 0.580285 0.182114
3146 0.587398 0.133943
3151 0.593394 0.155081
3156 0.596037 0.12937
3161 0.597663 0.227744
3166 0.598984 0.131606
3171 0.60122 0.232927
3176 0.598577 0.251118
3181 0.599085 0.234858
3186 0.606504 0.224085
3191 0.609959 0.220935
3196 0.617988 0.238313
3201 0.618496 0.230285
3206 0.62185 0.17063
3211 0.624085 0.307927
3216 0.622967 0.206301
3221 0.623374 0.21372
3226 0.627033 0.0841463
3231 0.62815 0.156606
3236 0.629167 0.336382
3241 0.629472 0.181911
3246 0.630285 0.118801
3251 0.630894 0.122459
3256 0.631606 0.0928862
3261 0.629878 0.163008
3266 0.630386 0.0550813
3271 0.63313 0.121037
3276 0.633943 0.045122
3281 0.632927 0.151524
3286 0.624187 0.133028
3291 0.629065 0.132825
3296 0.629573 0.10122
3301 0.630183 0.117073
3306 0.630488 0.127846
3311 0.629065 0.10061
3316 0.626524 0.0932927
3321 0.628963 0.0943089
3326 0.628354 0.0905488
3331 0.626016 0.17622
3336 0.624085 0.225102
3341 0.623882 0.101931
3346 0.626626 0.140752
3351 0.628049 0.122866
3356 0.62876 0.131402
3361 0.627947 0.157012
3366 0.628252 0.124593
3371 0.627947 0.0962398
3376 0.632419 0.0877033
3381 0.632724 0.100102
3386 0.630589 0.163618
3391 0.631911 0.209756
3396 0.632825 0.186179
3401 0.632317 0.0784553
3406 0.631301 0.0712398
3411 0.630285 0.44248
3416 0.630793 0.27561
3421 0.631809 0.133333
3426 0.631606 0.369106
3431 0.630285 0.266972
3436 0.635569 0.34502
3441 0.637195 0.415142
3446 0.634045 0.172154
3451 0.635467 0.252236
3456 0.636789 0.180183
3461 0.634959 0.397459
3466 0.637093 0.305996
3471 0.635671 0.112907
3476 0.632825 0.247256
3481 0.632622 0.0877033
3486 0.630589 0.363923
3491 0.632419 0.211484
3496 0.632317 0.165955
3501 0.631911 0.159146
3506 0.631809 0.0417683
3511 0.630691 0.27063
3516 0.631606 0.140447
3521 0.632215 0.360467
3526 0.633333 0.327134
3531 0.633435 0.248679
3536 0.632724 0.327439
3541 0.63313 0.286992
3546 0.633435 0.275813
3551 0.633435 0.222866
3556 0.634451 0.178963
3561 0.63313 0.433537
3566 0.633841 0.181606
3571 0.633638 0.409756
3576 0.634959 0.486687
3581 0.634756 0.204776
3586 0.633638 0.356402
3591 0.63628 0.385163
3596 0.635569 0.246138
3601 0.633943 0.490041
3606 0.633638 0.245732
3611 0.632927 0.0773374
3616 0.63374 0.0504065
3621 0.630183 0.172053
3626 0.631301 0.182927
3631 0.632419 0.0737805
3636 0.634451 0.0681911
3641 0.636077 0.0593496
3646 0.631402 0.0919715
3651 0.634959 0.0920732
3656 0.634553 0.118902
3661 0.635061 0.0376016
3666 0.633232 0.0394309
3671 0.630386 0.201829
3676 0.631504 0.0535569
3681 0.632419 0.076626
3686 0.633537 0.0644309
3691 0.633943 0.130081
3696 0.634959 0.368699
3701 0.636077 0.0890244
3706 0.635467 0.152846
3711 0.634045 0.116362
3716 0.633435 0.0861789
3721 0.62998 0.167683
3726 0.631504 0.118089
3731 0.630793 0.128455
3736 0.632114 0.164431
3741 0.63252 0.0925813
3746 0.633333 0.215244
3751 0.632724 0.231911
3756 0.634146 0.163923
3761 0.633943 0.076626
3766 0.635874 0.0550813
3771 0.631606 0.0695122
3776 0.629776 0.0868902
3781 0.63313 0.071748
3786 0.637906 0.0823171
3791 0.639024 0.0824187
3796 0.640854 0.137805
3801 0.64502 0.123171
3806 0.647154 0.101626
3811 0.646443 0.164939
3816 0.649898 0.168801
3821 0.659756 0.503963
3826 0.664024 0.00630081
3831 0.665549 0.0387195
3836 0.669309 0.0254065
3841 0.670122 0.00945122
3846 0.671951 0.139431
3851 0.671037 0.0711382
3856 0.672053 0.0433943
3861 0.670935 0.0431911
3866 0.669614 0.0699187
3871 0.67063 0.0563008
3876 0.671443 0.223577
3881 0.67185 0.111687
3886 0.669207 0.0727642
3891 0.668496 0.208537
3896 0.669004 0.117175
3901 0.672053 0.152033
3906 0.675 0.107215
3911 0.673679 0.134858
3916 0.674187 0.135163
3921 0.670935 0.191667
3926 0.671646 0.071748
3931 0.670325 0.0647358
3936 0.671951 0.0756098
3941 0.672256 0.0780488
3946 0.669817 0.257012
3951 0.670528 0.123272
3956 0.671138 0.394004
3961 0.670935 0.0277439
3966 0.67063 0.0520325
3971 0.669411 0.13811
3976 0.671748 0.282419
3981 0.669309 0.045935
3986 0.669614 0.0427846
3991 0.67185 0.0558943
3996 0.667276 0.330386
4001 0.671138 0.348984
4006 0.67124 0.0660569
4011 0.670833 0.132317
4016 0.669715 0.0943089
4021 0.666972 0.237703
4026 0.665447 0.0597561
4031 0.667073 0.0658537
4036 0.667886 0.0570122
4041 0.669817 0.0409553
4046 0.668801 0.12185
4051 0.669817 0.275
4056 0.670833 0.0403455
4061 0.669919 0.162093
4066 0.669207 0.0281504
4071 0.667581 0.10813
4076 0.670528 0.0394309
4081 0.671138 0.0551829
4086 0.67124 0.0425813
4091 0.672053 0.0922764
4096 0.671545 0.119614
4101 0.670122 0.135671
4106 0.670427 0.116159
4111 0.673171 0.14878
4116 0.672764 0.0352642
4121 0.672663 0.195528
4126 0.673476 0.187093
4131 0.675813 0.210671
4136 0.672663 0.266972
4141 0.672866 0.228455
4146 0.67124 0.3
4151 0.671341 0.339533
4156 0.66565 0.303557
4161 0.671748 0.322053
4166 0.669919 0.348272
4171 0.669614 0.360772
4176 0.673374 0.414533
4181 0.674289 0.296341
4186 0.67622 0.306098
4191 0.665549 0.334045
4196 0.656199 0.342988
4201 0.657927 0.392988
4206 0.652846 0.496748
4211 0.653862 0.542378
4216 0.669919 0.792378
4221 0.674187 0.802947
4226 0.664126 0.769919
4231 0.656809 0.80874
4236 0.65498 0.795528
4241 0.609756 0.804268
4246 0.549492 0.832622
4251 0.544411 0.771646
4256 0.545224 0.773374
4261 0.543496 0.787703
4266 0.525813 0.901016
4271 0.515142 0.91311
4276 0.513516 0.870325
4281 0.517378 0.848374
4286 0.511992 0.786281
4291 0.511484 0.622561
4296 0.536992 0.918496
4301 0.560874 0.878354
4306 0.572967 0.867378
4311 0.568089 0.841159
4316 0.590142 0.874898
4321 0.592683 0.84248
4326 0.579472 0.772154
4331 0.558943 0.842886
4336 0.542378 0.753455
4341 0.533435 0.822154
4346 0.544919 0.762602
4351 0.548984 0.895528
4356 0.544614 0.85061
4361 0.535772 0.871138
4366 0.539126 0.89939
4371 0.544817 0.886077
4376 0.559553 0.867276
4381 0.568191 0.923272
4386 0.595325 0.905183
4391 0.618394 0.839634
4396 0.642175 0.834654
4401 0.647459 0.840041
4406 0.662297 0.683638
4411 0.664228 0.789431
4416 0.638008 0.788618
4421 0.62002 0.726321
4426 0.617886 0.870224
4431 0.615854 0.889939
4436 0.589736 0.887703
4441 0.594004 0.766057
4446 0.590549 0.81372
4451 0.619411 0.82876
4456 0.622256 0.722459
4461 0.62063 0.811382
4466 0.55122 0.706809
4471 0.530691 0.677337
4476 0.47876 0.773374
4481 0.491972 0.786382
4486 0.516565 0.753963
4491 0.522561 0.820528
4496 0.548679 0.792073
4501 0.565346 0.810366
4506 0.597154 0.807114
4511 0.638516 0.760163
4516 0.641463 0.696951
4521 0.597764 0.709756
4526 0.606707 0.710976
4531 0.610874 0.729268
4536 0.621443 0.758943
4541 0.591159 0.77063
4546 0.58811 0.803354
4551 0.579675 0.813923
4556 0.554472 0.883841
4561 0.556809 0.818394
4566 0.548882 0.805691
4571 0.527337 0.735671
4576 0.55437 0.778963
4581 0.548679 0.807622
4586 0.553557 0.827134
4591 0.537602 0.815244
4596 0.502541 0.744309
4601 0.501829 0.692785
4606 0.545833 0.715752
4611 0.573984 0.733537
4616 0.594207 0.726829
4621 0.570528 0.694512
4626 0.570833 0.652846
4631 0.572256 0.613923
4636 0.569614 0.728049
4641 0.525102 0.712906
4646 0.542581 0.72185
4651 0.51626 0.774695
4656 0.527032 0.782825
4661 0.524695 0.742581
4666 0.52815 0.730996
4671 0.539228 0.722663
4676 0.54187 0.676728
4681 0.575102 0.616362
4686 0.589837 0.595528
4691 0.609248 0.601016
4696 0.626118 0.663821
4701 0.603354 0.633537
4706 0.601931 0.67063
4711 0.61311 0.666463
4716 0.592378 0.675305
4721 0.568902 0.589228
4726 0.568293 0.832215
4731 0.553557 0.730488
4736 0.569614 0.718089
4741 0.595833 0.631402
4746 0.578252 0.698069
4751 0.58689 0.69502
4756 0.614228 0.429167
4761 0.645427 0.575
4766 0.655386 0.451219
4771 0.65315 0.393699
4776 0.669919 0.325915
4781 0.667581 0.224492
4786 0.683232 0.189228
4791 0.690142 0.147256
4796 0.679268 0.078252
4801 0.680386 0.0215447
4806 0.682114 0.312195
4811 0.684756 0.408638
4816 0.690549 0.411789
4821 0.699695 0.542988
4826 0.699289 0.422764
4831 0.700203 0.256707
4836 0.701321 0.369715
4841 0.701423 0.339634
4846 0.701829 0.322764
4851 0.702947 0.144512
4856 0.703354 0.387093
4861 0.703963 0.356098
4866 0.704675 0.431707
4871 0.704675 0.311484
4876 0.704573 0.258841
4881 0.705285 0.33313
4886 0.705894 0.535163
4891 0.705894 0.350406
4896 0.705793 0.335163
4901 0.70752 0.0200203
4906 0.707825 0.0275407
4911 0.706504 0.0395325
4916 0.705894 0.0361789
4921 0.699492 0.114533
4926 0.697561 0.199898
4931 0.715041 0.225813
4936 0.663008 0.282317
4941 0.628049 0.405894
4946 0.616463 0.383638
4951 0.631402 0.326524
4956 0.615346 0.342581
4961 0.640041 0.306707
4966 0.64563 0.254573
4971 0.672967 0.229776
4976 0.681606 0.269614
4981 0.670732 0.305183
4986 0.675305 0.329065
4991 0.679776 0.362094
4996 0.654167 0.371443
5001 0.684248 0.370427
5006 0.679065 0.283028
5011 0.698577 0.284451
5016 0.699797 0.139939
5021 0.702439 0.119411
5026 0.694919 0.151118
5031 0.687907 0.118902
5036 0.694512 0.14065
5041 0.693191 0.16687
5046 0.697154 0.203049
5051 0.718191 0.180589
5056 0.694207 0.17561
5061 0.66687 0.209756
5066 0.629268 0.285772
5071 0.599187 0.267886
5076 0.556301 0.274085
5081 0.55315 0.300915
5086 0.592276 0.327642
5091 0.652236 0.375102
5096 0.701829 0.322561
5101 0.716159 0.252033
5106 0.735772 0.273374
5111 0.756098 0.188821
5116 0.745122 0.187297
5121 0.734248 0.116667
5126 0.729573 0.075813
5131 0.727134 0.0329268
5136 0.72439 0.479268
5141 0.724594 0.410467
5146 0.723984 0.393191
5151 0.724898 0.263008
5156 0.724594 0.493293
5161 0.721748 0.360061
5166 0.722459 0.401118
5171 0.720935 0.462398
5176 0.722053 0.269817
5181 0.72063 0.457317
5186 0.720325 0.399187
5191 0.721138 0.413313
5196 0.720122 0.412297
5201 0.719309 0.436992
5206 0.719411 0.269207
5211 0.719106 0.367175
5216 0.718089 0.270427
5221 0.720122 0.465346
5226 0.720528 0.380996
5231 0.720224 0.393699
5236 0.719817 0.560366
5241 0.719614 0.337907
5246 0.72124 0.436484
5251 0.720528 0.491768
5256 0.725102 0.0236789
5261 0.726931 0.099187
5266 0.70874 0.158638
5271 0.670224 0.218902
5276 0.679675 0.22561
5281 0.668496 0.239329
5286 0.72002 0.193191
5291 0.683333 0.234451
5296 0.672764 0.317683
5301 0.631809 0.451321
5306 0.585569 0.525915
5311 0.572561 0.496138
5316 0.584045 0.469309
5321 0.584451 0.367073
5326 0.580285 0.206911
5331 0.575406 0.216565
5336 0.571341 0.265346
5341 0.572053 0.326728
5346 0.579878 0.299898
5351 0.584654 0.300102
5356 0.581199 0.349289
5361 0.572053 0.368902
5366 0.585671 0.367073
5371 0.594512 0.371037
5376 0.601524 0.37378
5381 0.612195 0.404878
5386 0.615752 0.387297
5391 0.621545 0.487297
5396 0.604065 0.510163
5401 0.592378 0.381301
5406 0.602134 0.346138
5411 0.612703 0.244715
5416 0.618801 0.269106
5421 0.641768 0.209654
5426 0.638821 0.33628
5431 0.640447 0.321951
5436 0.639228 0.349289
5441 0.658841 0.377846
5446 0.667581 0.369715
5451 0.665955 0.346341
5456 0.642175 0.382622
5461 0.618191 0.279268
5466 0.602439 0.252337
5471 0.603659 0.286484
5476 0.598984 0.24248
5481 0.61372 0.263211
5486 0.631199 0.286179
5491 0.640752 0.222256
5496 0.643293 0.204776
5501 0.633232 0.191972
5506 0.622154 0.186077
5511 0.605285 0.134451
5516 0.595528 0.155691
5521 0.596443 0.211687
5526 0.598476 0.205386
5531 0.594817 0.179167
5536 0.586585 0.201626
5541 0.583435 0.110061
5546 0.579776 0.139634
5551 0.576728 0.151829
5556 0.577642 0.154472
5561 0.584756 0.147154
5566 0.593293 0.204065
5571 0.599594 0.226728
5576 0.608333 0.218902
5581 0.61311 0.240041
5586 0.611484 0.227947
5591 0.610366 0.234248
5596 0.614126 0.356504
5601 0.607215 0.20061
5606 0.606707 0.18689
5611 0.611789 0.14878
5616 0.620528 0.138008
5621 0.621646 0.183435
5626 0.620732 0.130285
5631 0.621443 0.10752
5636 0.623679 0.107927
5641 0.621748 0.125407
5646 0.628354 0.150102
5651 0.63252 0.126423
5656 0.630386 0.165955
5661 0.634756 0.1375
5666 0.635772 0.144106
5671 0.637195 0.411585
5676 0.63689 0.131707
5681 0.639939 0.135264
5686 0.639634 0.100915
5691 0.639939 0.141565
5696 0.639533 0.432215
5701 0.641463 0.107114
5706 0.645224 0.300102
5711 0.650102 0.319309
5716 0.654776 0.322866
5721 0.663211 0.439533
5726 0.664533 0.35813
5731 0.663313 0.323272
5736 0.661585 0.220935
