frame_number static_density dynamic_density
1 0.0700997 0.0987319
6 0.0738311 0.0971761
11 0.0883802 0.0470302
16 0.0944048 0.0631553
21 0.0983915 0.0651284
26 0.104991 0.0710558
31 0.110684 0.0722834
36 0.113224 0.0880844
41 0.115323 0.0886435
46 0.117381 0.100458
51 0.11899 0.088992
56 0.129507 0.076023
61 0.135078 0.0263755
66 0.127943 0.0323434
71 0.12108 0.0133377
76 0.125885 0.0227575
81 0.134641 0.0311604
86 0.153744 0.0637955
91 0.173543 0.0704805
96 0.182919 0.0844786
101 0.185621 0.0890163
106 0.179102 0.0857994
111 0.18396 0.0899927
116 0.194899 0.0991573
121 0.197354 0.127834
126 0.199433 0.126246
131 0.203403 0.133397
136 0.210554 0.146811
141 0.216887 0.153464
146 0.217511 0.160481
151 0.215347 0.133996
156 0.211174 0.140872
161 0.205956 0.13819
166 0.202224 0.134884
171 0.199907 0.126068
176 0.198456 0.117158
181 0.197982 0.11098
186 0.197302 0.092298
191 0.19639 0.0882951
196 0.196346 0.0517543
201 0.196086 0.0293655
206 0.196641 0.0241107
211 0.196637 0.0294263
216 0.19588 0.0329592
221 0.197865 0.0691111
226 0.197022 0.0261527
231 0.197046 0.0245685
236 0.198246 0.0286565
241 0.195713 0.0262458
246 0.195073 0.0202901
251 0.19464 0.018556
256 0.194312 0.0155457
261 0.194644 0.0120979
266 0.194356 0.0242201
271 0.192991 0.0542055
276 0.194753 0.0238311
281 0.203351 0.0203995
286 0.213273 0.0279434
291 0.211466 0.0440605
296 0.206 0.0290941
301 0.199955 0.0440848
306 0.19752 0.0318248
311 0.198537 0.0425735
316 0.197059 0.0356535
321 0.195454 0.094887
326 0.196034 0.0691111
331 0.196216 0.0572887
336 0.196098 0.0291711
341 0.197719 0.0187384
346 0.201564 0.0237136
351 0.201536 0.0246293
356 0.201183 0.0253626
361 0.200912 0.0217973
366 0.200041 0.017685
371 0.197695 0.0206912
376 0.197107 0.0163844
381 0.196589 0.0152095
386 0.202127 0.0222997
391 0.2072 0.0495462
396 0.211871 0.0613727
401 0.213706 0.0565189
406 0.221554 0.0568552
411 0.237392 0.0504173
416 0.258415 0.0927153
421 0.271668 0.136431
426 0.291553 0.138003
431 0.310429 0.177595
436 0.327145 0.233741
441 0.332939 0.254752
446 0.341281 0.260708
451 0.351613 0.277846
456 0.359262 0.279868
461 0.365967 0.281331
466 0.367434 0.284795
471 0.370691 0.298367
476 0.369439 0.291946
481 0.369168 0.285714
486 0.370667 0.273329
491 0.371218 0.273118
496 0.371951 0.256908
501 0.377858 0.0121749
506 0.397431 0.0418443
511 0.414987 0.058176
516 0.424787 0.0833887
521 0.447059 0.0806215
526 0.461134 0.0739203
531 0.468921 0.0789725
536 0.473061 0.0876995
541 0.477761 0.103079
546 0.479511 0.1085
551 0.474625 0.106896
556 0.473426 0.10517
561 0.47078 0.108022
566 0.465124 0.240892
571 0.466842 0.0941698
576 0.472555 0.0266794
581 0.481805 0.0430557
586 0.4896 0.0416133
591 0.498489 0.0592375
596 0.524629 0.0807187
601 0.544166 0.0739486
606 0.555814 0.0762337
611 0.581578 0.0817033
616 0.591715 0.098189
621 0.607536 0.123742
626 0.610129 0.111668
631 0.615149 0.116109
636 0.618001 0.12315
641 0.61858 0.0723321
646 0.618232 0.0961348
651 0.620505 0.0575359
656 0.622028 0.0569119
661 0.623418 0.0783324
666 0.625318 0.0871931
671 0.624666 0.101929
676 0.626238 0.0951544
681 0.628977 0.107204
686 0.630172 0.105324
691 0.629738 0.109116
696 0.633745 0.170792
701 0.633822 0.131748
706 0.6349 0.0853456
711 0.637092 0.109886
716 0.639182 0.0760028
721 0.642711 0.148914
726 0.643817 0.122397
731 0.64357 0.0948262
736 0.645292 0.115444
741 0.647423 0.0117089
746 0.651868 0.163451
751 0.653561 0.0108014
756 0.654643 0.0873876
761 0.655599 0.0483146
766 0.65664 0.0326068
771 0.662993 0.0583583
776 0.663066 0.108788
781 0.662037 0.02909
786 0.661336 0.0169354
791 0.662021 0.0133255
796 0.657362 0.0178875
801 0.655068 0.0223888
806 0.652338 0.0317681
811 0.653675 0.0547484
816 0.667073 0.0637347
821 0.69592 0.118917
826 0.739033 0.0457499
831 0.757058 0.0305729
836 0.760696 0.0255611
841 0.763317 0.0260554
846 0.775488 0.0933879
851 0.776586 0.0258123
856 0.775444 0.0391054
861 0.77576 0.0255125
866 0.773714 0.0509075
871 0.777636 0.0736529
876 0.778183 0.039782
881 0.779726 0.0409732
886 0.779511 0.0308119
891 0.778977 0.0298112
896 0.772701 0.0183616
901 0.772429 0.0182765
906 0.767535 0.101369
911 0.76653 0.0188356
916 0.77029 0.0136294
921 0.770792 0.0191678
926 0.771044 0.00648246
931 0.771899 0.119302
936 0.77185 0.0180253
941 0.770902 0.0169354
946 0.767102 0.0231707
951 0.766607 0.029406
956 0.779714 0.0703266
961 0.776132 0.0565797
966 0.773479 0.0561097
971 0.77215 0.0200551
976 0.770112 0.0177093
981 0.760769 0.0422292
986 0.755591 0.0349161
991 0.761425 0.0268374
996 0.762126 0.0128393
1001 0.762082 0.0206547
1006 0.759387 0.0350579
1011 0.752297 0.0410826
1016 0.752467 0.0308119
1021 0.753189 0.0313265
1026 0.752698 0.0324569
1031 0.752188 0.0287213
1036 0.758233 0.0622762
1041 0.756572 0.0429098
1046 0.756393 0.0350985
1051 0.758156 0.0347662
1056 0.757994 0.0409043
1061 0.753124 0.0638603
1066 0.752265 0.0278584
1071 0.749988 0.0268779
1076 0.750993 0.0257313
1081 0.752212 0.0282189
1086 0.757937 0.0910137
1091 0.758253 0.0286322
1096 0.758257 0.024998
1101 0.757151 0.0300016
1106 0.756029 0.0294871
1111 0.757674 0.0863787
1116 0.756316 0.040726
1121 0.754157 0.0329025
1126 0.755466 0.0310145
1131 0.758768 0.0303419
1136 0.761891 0.0472247
1141 0.76525 0.046147
1146 0.763954 0.0347946
1151 0.758391 0.0282757
1156 0.75615 0.0299692
1161 0.754801 0.0584637
1166 0.753448 0.0450166
1171 0.755737 0.0446277
1176 0.753821 0.0482214
1181 0.756025 0.0395106
1186 0.766226 0.0569889
1191 0.766068 0.0245077
1196 0.766911 0.0169071
1201 0.76935 0.0209789
1206 0.768823 0.029406
1211 0.770987 0.0982133
1216 0.770067 0.021303
1221 0.766571 0.0823515
1226 0.76653 0.0373795
1231 0.766846 0.0278543
1236 0.758472 0.0441172
1241 0.756531 0.0306296
1246 0.761976 0.0262337
1251 0.760076 0.0293453
1256 0.755016 0.0262458
1261 0.755077 0.0430638
1266 0.7544 0.0213962
1271 0.754165 0.0223483
1276 0.752796 0.0264646
1281 0.752852 0.0360668
1286 0.749733 0.0577101
1291 0.74902 0.0324406
1296 0.750741 0.0428652
1301 0.751297 0.0341828
1306 0.752431 0.0371242
1311 0.742626 0.0320314
1316 0.737205 0.0327364
1321 0.73272 0.0279434
1326 0.727121 0.0267685
1331 0.72625 0.0152986
1336 0.72896 0.102107
1341 0.72629 0.0588648
1346 0.728632 0.0463941
1351 0.727437 0.0421076
1356 0.730058 0.0450207
1361 0.725833 0.060615
1366 0.727636 0.0465238
1371 0.732534 0.0463698
1376 0.732546 0.0376307
1381 0.731622 0.0308241
1386 0.731027 0.0568511
1391 0.731764 0.0286444
1396 0.733737 0.0300989
1401 0.735678 0.0163236
1406 0.738319 0.0235313
1411 0.755336 0.0340045
1416 0.755121 0.0305769
1421 0.755911 0.0679564
1426 0.755109 0.122348
1431 0.754971 0.145734
1436 0.76068 0.164124
1441 0.760242 0.249579
1446 0.763192 0.260931
1451 0.766328 0.181156
1456 0.771712 0.368041
1461 0.791285 0.378114
1466 0.792622 0.374228
1471 0.798776 0.354894
1476 0.804906 0.206762
1481 0.806912 0.282647
1486 0.823653 0.189677
1491 0.828819 0.381914
1496 0.831643 0.459156
1501 0.834957 0.314521
1506 0.838194 0.332728
1511 0.847573 0.624629
1516 0.844899 0.603326
1521 0.846686 0.437785
1526 0.828632 0.51019
1531 0.822924 0.548173
1536 0.808277 0.599558
1541 0.803294 0.574107
1546 0.79432 0.59421
1551 0.772705 0.639985
1556 0.761312 0.591115
1561 0.752123 0.675565
1566 0.757568 0.670821
1571 0.75342 0.666376
1576 0.755166 0.672413
1581 0.773499 0.637935
1586 0.773896 0.471023
1591 0.759408 0.534552
1596 0.756231 0.660416
1601 0.751151 0.668013
1606 0.74654 0.678316
1611 0.750583 0.714221
1616 0.737691 0.693809
1621 0.707499 0.657564
1626 0.703578 0.687627
1631 0.717401 0.63947
1636 0.716162 0.657803
1641 0.726222 0.601839
1646 0.722409 0.588068
1651 0.706146 0.609898
1656 0.712049 0.601961
1661 0.722624 0.598894
1666 0.735058 0.496289
1671 0.753877 0.569447
1676 0.749064 0.614707
1681 0.724483 0.567993
1686 0.702399 0.538879
1691 0.707807 0.55474
1696 0.715218 0.364715
1701 0.7201 0.631116
1706 0.723122 0.591046
1711 0.69419 0.582992
1716 0.678559 0.566895
1721 0.663864 0.577611
1726 0.650466 0.545474
1731 0.608176 0.531565
1736 0.525298 0.555417
1741 0.486152 0.512264
1746 0.452358 0.541779
1751 0.401155 0.555117
1756 0.37676 0.396127
1761 0.368191 0.527708
1766 0.365773 0.504315
1771 0.375063 0.510793
1776 0.383518 0.529908
1781 0.374054 0.513589
1786 0.362933 0.330277
1791 0.339547 0.452435
1796 0.31841 0.435281
1801 0.323138 0.439952
1806 0.322433 0.479961
1811 0.310935 0.460498
1816 0.298635 0.480269
1821 0.291318 0.466773
1826 0.278166 0.478182
1831 0.262961 0.463731
1836 0.253375 0.432027
1841 0.235078 0.423515
1846 0.210291 0.41775
1851 0.182364 0.31995
1856 0.160927 0.272211
1861 0.151754 0.272004
1866 0.140207 0.257244
1871 0.161604 0.264148
1876 0.185386 0.225869
1881 0.216393 0.363593
1886 0.236034 0.388242
1891 0.272028 0.348712
1896 0.290839 0.421319
1901 0.303257 0.42834
1906 0.371117 0.395596
1911 0.374974 0.463431
1916 0.373527 0.263407
1921 0.358115 0.452143
1926 0.340771 0.415797
1931 0.317794 0.376809
1936 0.28116 0.245219
1941 0.261766 0.277218
1946 0.243258 0.175107
1951 0.199437 0.243838
1956 0.153731 0.174986
1961 0.111 0.152026
1966 0.0750061 0.116401
1971 0.038676 0.0398671
1976 0.00716717 0.0220566
1981 0.00740216 0.0188518
1986 0.00672555 0.0204846
1991 0.00696054 0.0198242
1996 0.00666883 0.0168787
2001 0.00827324 0.0199862
2006 0.0687667 0.04167
2011 0.132765 0.0811563
2016 0.195867 0.155457
2021 0.244891 0.194356
2026 0.276967 0.263528
2031 0.321121 0.308423
2036 0.294834 0.303711
2041 0.283648 0.32533
2046 0.244466 0.281383
2051 0.222766 0.315347
2056 0.182331 0.261539
2061 0.128673 0.155384
2066 0.0804513 0.134742
2071 0.0680091 0.0782635
2076 0.0469532 0.103403
2081 0.0174864 0.0311239
2086 0.0120128 0.0261202
2091 0.0108217 0.0220282
2096 0.00958999 0.0222551
2101 0.0214529 0.0196256
2106 0.0511871 0.0494044
2111 0.0969208 0.0918443
2116 0.148914 0.0654201
2121 0.200361 0.144664
2126 0.265696 0.160263
2131 0.316085 0.246362
2136 0.342136 0.245021
2141 0.338931 0.230459
2146 0.335192 0.252301
2151 0.321704 0.277875
2156 0.293542 0.287643
2161 0.290293 0.267847
2166 0.281663 0.214342
2171 0.260234 0.173499
2176 0.22907 0.303403
2181 0.170541 0.28744
2186 0.118358 0.209468
2191 0.0817924 0.13193
2196 0.0505794 0.0912284
2201 0.0219877 0.0550725
2206 0.014387 0.0371404
2211 0.00766145 0.0272952
2216 0.0014545 0.0179645
2221 0.00133701 0.0155903
2226 0.00230127 0.0122235
2231 0.00200956 0.00573292
2236 0.00180698 0.0163074
2241 0.00213111 0.0149097
2246 0.00179888 0.0154282
2251 0.00294141 0.015878
2256 0.00392999 0.0217243
2261 0.00426222 0.0260271
2266 0.00636901 0.0269103
2271 0.0329673 0.0579167
2276 0.0603517 0.121736
2281 0.0728304 0.146147
2286 0.0813467 0.168653
2291 0.087975 0.177218
2296 0.0892553 0.181724
2301 0.0979823 0.200089
2306 0.104769 0.21852
2311 0.0963617 0.216283
2316 0.0772628 0.187748
2321 0.0568957 0.190317
2326 0.0491694 0.154307
2331 0.0450936 0.134308
2336 0.0319828 0.101313
2341 0.0256665 0.0987602
2346 0.019654 0.0822057
2351 0.0132809 0.0527024
2356 0.0120533 0.048663
2361 0.00943197 0.0437363
2366 0.0130905 0.0471558
2371 0.013443 0.0524714
2376 0.0148732 0.0471477
2381 0.0129082 0.0621465
2386 0.0255449 0.0603881
2391 0.0579937 0.0838425
2396 0.0675229 0.118815
2401 0.0680942 0.119354
2406 0.0718621 0.148464
2411 0.0781622 0.143542
2416 0.0624706 0.128721
2421 0.0491127 0.104007
2426 0.0215137 0.0514018
2431 0.00511709 0.0165181
2436 0.0225063 0.0164006
2441 0.0361356 0.0595981
2446 0.043242 0.0872944
2451 0.0494774 0.119913
2456 0.0511709 0.094579
2461 0.055267 0.109906
2466 0.0442063 0.0971558
2471 0.0225711 0.0595252
2476 0.0123248 0.0379426
2481 0.00726845 0.0291427
2486 0.0104813 0.0310996
2491 0.0124868 0.0385949
2496 0.0142817 0.0523701
2501 0.0164897 0.0727453
2506 0.0184021 0.0550401
2511 0.0288996 0.0557653
2516 0.0541204 0.0979945
2521 0.0578519 0.126355
2526 0.0635848 0.137436
2531 0.0716636 0.142586
2536 0.0770399 0.134961
2541 0.0823758 0.160927
2546 0.0857021 0.21779
2551 0.0784661 0.226104
2556 0.0646666 0.163475
2561 0.0357062 0.0804716
2566 0.0144518 0.0342719
2571 0.000802204 0.0198039
2576 0.000530751 0.0219026
2581 0.000563163 0.051969
2586 0.000514545 0.0393931
2591 0.000603679 0.0965846
2596 0.000652297 0.0635321
2601 0.000534803 0.0355684
2606 0.000530751 0.0287659
2611 0.00060773 0.0388421
2616 0.000692813 0.0906207
2621 0.000656349 0.0626084
2626 0.00578964 0.00585852
2631 0.027672 0.0334859
2636 0.0375496 0.0634308
2641 0.0628677 0.10333
2646 0.101386 0.146585
2651 0.138542 0.267612
2656 0.154189 0.280014
2661 0.172587 0.325221
2666 0.169508 0.305222
2671 0.158002 0.335828
2676 0.161936 0.352658
2681 0.154732 0.302812
2686 0.136318 0.196568
2691 0.117584 0.18761
2696 0.0971842 0.16053
2701 0.0695162 0.123264
2706 0.0475731 0.0976217
2711 0.0425006 0.0618345
2716 0.0446317 0.0795884
2721 0.0449964 0.0723969
2726 0.045993 0.0717324
2731 0.0598533 0.0777003
2736 0.0756989 0.0764768
2741 0.0845434 0.0673244
2746 0.0877846 0.0741674
2751 0.0952435 0.0894498
2756 0.0986711 0.0955879
2761 0.10269 0.109404
2766 0.105632 0.127526
2771 0.107694 0.158233
2776 0.109732 0.149951
2781 0.111802 0.155701
2786 0.116907 0.165979
2791 0.118698 0.174581
2796 0.11856 0.16145
2801 0.120189 0.164002
2806 0.12106 0.133725
2811 0.122073 0.0920509
2816 0.123017 0.106154
2821 0.123523 0.0317478
2826 0.124293 0.0358277
2831 0.123361 0.0281339
2836 0.124301 0.0232518
2841 0.124953 0.0529779
2846 0.123957 0.0283607
2851 0.127834 0.0310591
2856 0.136784 0.0444008
2861 0.128503 0.0477433
2866 0.124698 0.0327121
2871 0.127579 0.0445669
2876 0.127425 0.0256584
2881 0.128389 0.0435783
2886 0.134438 0.0554169
2891 0.13759 0.0534195
2896 0.135645 0.0588891
2901 0.13772 0.047565
2906 0.136346 0.0593874
2911 0.138352 0.0552873
2916 0.138514 0.0612471
2921 0.136982 0.0636051
2926 0.138299 0.0590349
2931 0.138461 0.0572887
2936 0.143445 0.0700875
2941 0.14622 0.0863585
2946 0.16066 0.071461
2951 0.185435 0.06305
2956 0.205765 0.0668746
2961 0.231156 0.0977433
2966 0.261993 0.11749
2971 0.290677 0.134904
2976 0.318544 0.16711
2981 0.340491 0.181687
2986 0.363982 0.193894
2991 0.389369 0.236573
2996 0.420711 0.255251
3001 0.457609 0.266364
3006 0.494218 0.298274
3011 0.531027 0.32623
3016 0.578519 0.328904
3021 0.617661 0.338567
3026 0.639956 0.231942
3031 0.654226 0.162114
3036 0.674962 0.157487
3041 0.680642 0.147662
3046 0.652168 0.15459
3051 0.64763 0.16649
3056 0.641561 0.150531
3061 0.647034 0.133814
3066 0.654416 0.164898
3071 0.662102 0.120104
3076 0.657994 0.136063
3081 0.657921 0.144223
3086 0.66999 0.122028
3091 0.683531 0.121745
3096 0.676878 0.129767
3101 0.669755 0.145807
3106 0.667397 0.139786
3111 0.663844 0.151499
3116 0.659278 0.144559
3121 0.655672 0.115388
3126 0.656369 0.117418
3131 0.664865 0.132125
3136 0.665517 0.101094
3141 0.670955 0.0865773
3146 0.666907 0.0586055
3151 0.664391 0.0727413
3156 0.662933 0.0756827
3161 0.662333 0.0774411
3166 0.660745 0.090961
3171 0.658217 0.0800867
3176 0.656896 0.0748359
3181 0.659282 0.0887813
3186 0.664257 0.0495705
3191 0.666393 0.114468
3196 0.666194 0.067689
3201 0.664744 0.0349364
3206 0.663338 0.0925654
3211 0.661194 0.0530751
3216 0.662017 0.0804108
3221 0.660664 0.0522121
3226 0.658233 0.0102139
3231 0.657329 0.0291305
3236 0.654943 0.048112
3241 0.654388 0.0482052
3246 0.652812 0.0291143
3251 0.651657 0.0255287
3256 0.650527 0.034827
3261 0.651442 0.0317762
3266 0.652528 0.0595981
3271 0.652792 0.0141804
3276 0.655158 0.0228101
3281 0.658942 0.0284458
3286 0.659736 0.0220079
3291 0.673069 0.028616
3296 0.675184 0.0132809
3301 0.671647 0.0165667
3306 0.670456 0.0300583
3311 0.670331 0.0350255
3316 0.668159 0.0441739
3321 0.664095 0.0425978
3326 0.664282 0.0512114
3331 0.663115 0.0554493
3336 0.66006 0.0479499
3341 0.649469 0.0831537
3346 0.648521 0.0641561
3351 0.645993 0.0573859
3356 0.646208 0.0559922
3361 0.648436 0.0463172
3366 0.653954 0.0571388
3371 0.649088 0.0632647
3376 0.649951 0.0320233
3381 0.650879 0.0285552
3386 0.650685 0.0232234
3391 0.651661 0.0363058
3396 0.653132 0.0369014
3401 0.655899 0.03302
3406 0.657661 0.0155741
3411 0.655729 0.0182076
3416 0.65 0.0644154
3421 0.647974 0.0268941
3426 0.647443 0.0458877
3431 0.647731 0.0362288
3436 0.658403 0.0986995
3441 0.690001 0.0913176
3446 0.697881 0.0283607
3451 0.709015 0.0246576
3456 0.710206 0.0718054
3461 0.710761 0.0243416
3466 0.707398 0.0413986
3471 0.706207 0.0223402
3476 0.705794 0.0143627
3481 0.709213 0.0160968
3486 0.710315 0.00815574
3491 0.709817 0.0420995
3496 0.714334 0.04827
3501 0.715874 0.0353983
3506 0.717608 0.0340005
3511 0.717174 0.0136294
3516 0.723167 0.0615833
3521 0.724386 0.0864517
3526 0.725452 0.0434487
3531 0.725099 0.0559679
3536 0.725298 0.0261202
3541 0.716546 0.0797828
3546 0.716887 0.00922129
3551 0.717397 0.0118629
3556 0.718564 0.0145855
3561 0.717592 0.0180536
3566 0.705822 0.0234908
3571 0.70987 0.0444251
3576 0.711417 0.0494611
3581 0.711778 0.024289
3586 0.71307 0.0206709
3591 0.713147 0.0164249
3596 0.706341 0.0473868
3601 0.706855 0.0114334
3606 0.706288 0.0135726
3611 0.705737 0.0147719
3616 0.707277 0.0119925
3621 0.700089 0.0348108
3626 0.704364 0.0227656
3631 0.70248 0.0331091
3636 0.705765 0.0304756
3641 0.713475 0.0283932
3646 0.711356 0.0353334
3651 0.71365 0.026805
3656 0.713755 0.0223321
3661 0.717073 0.0174054
3666 0.720375 0.0122721
3671 0.71286 0.0464954
3676 0.717908 0.0251033
3681 0.717571 0.0278948
3686 0.716737 0.0225711
3691 0.715716 0.0229317
3696 0.70677 0.0793696
3701 0.70679 0.034592
3706 0.704748 0.0826837
3711 0.703241 0.0768374
3716 0.703654 0.0667491
3721 0.693761 0.0781379
3726 0.691909 0.0699781
3731 0.689932 0.0699336
3736 0.689689 0.0702901
3741 0.692711 0.0660684
3746 0.684365 0.148509
3751 0.684045 0.085532
3756 0.684304 0.0873957
3761 0.683012 0.0677579
3766 0.680658 0.00903898
3771 0.677806 0.0287213
3776 0.682684 0.0183413
3781 0.683486 0.040803
3786 0.678839 0.0404789
3791 0.679102 0.0362815
3796 0.671198 0.075946
3801 0.669484 0.0614213
3806 0.665979 0.075707
3811 0.6921 0.0840532
3816 0.719694 0.0876226
3821 0.787918 0.153245
3826 0.792229 0.437748
3831 0.795608 0.0131472
3836 0.797326 0.0192975
3841 0.797184 0.0210477
3846 0.798335 0.0361843
3851 0.797034 0.023819
3856 0.795244 0.0255449
3861 0.794547 0.0293372
3866 0.794859 0.0439875
3871 0.79453 0.0719593
3876 0.795102 0.0535897
3881 0.795215 0.0283405
3886 0.794591 0.0276274
3891 0.794393 0.0363382
3896 0.792294 0.0388056
3901 0.791694 0.0366461
3906 0.792201 0.0443116
3911 0.791318 0.0246414
3916 0.789146 0.0267766
3921 0.790726 0.0540353
3926 0.791646 0.0218904
3931 0.789571 0.0317762
3936 0.791792 0.0327891
3941 0.79274 0.0261486
3946 0.792792 0.0469451
3951 0.792509 0.0116887
3956 0.793064 0.0384572
3961 0.792768 0.0183859
3966 0.79321 0.0220282
3971 0.797217 0.0933555
3976 0.796366 0.0204765
3981 0.793339 0.0239122
3986 0.792018 0.0284782
3991 0.794798 0.0225306
3996 0.795381 0.0901021
4001 0.793712 0.0268131
4006 0.792999 0.0237339
4011 0.793173 0.0107852
4016 0.79436 0.0150109
4021 0.795843 0.0388502
4026 0.795576 0.0325176
4031 0.795211 0.0186168
4036 0.795657 0.0241472
4041 0.793927 0.0223685
4046 0.780407 0.039466
4051 0.784904 0.0534073
4056 0.782323 0.0459282
4061 0.784073 0.0131513
4066 0.789324 0.0238716
4071 0.793838 0.0778016
4076 0.793959 0.022717
4081 0.793915 0.0108379
4086 0.793979 0.0153999
4091 0.793092 0.0250304
4096 0.794984 0.0461875
4101 0.793538 0.0850539
4106 0.791488 0.089389
4111 0.793578 0.0502269
4116 0.794304 0.0133822
4121 0.793975 0.0400332
4126 0.792796 0.00966696
4131 0.792225 0.122239
4136 0.790564 0.203407
4141 0.789519 0.223969
4146 0.787165 0.246657
4151 0.785131 0.240369
4156 0.783243 0.280731
4161 0.783263 0.180553
4166 0.785799 0.287943
4171 0.786456 0.128308
4176 0.792719 0.13101
4181 0.796175 0.160988
4186 0.803343 0.208812
4191 0.807325 0.175472
4196 0.806884 0.153403
4201 0.806624 0.240775
4206 0.808334 0.25485
4211 0.808727 0.340102
4216 0.817454 0.564427
4221 0.818775 0.605121
4226 0.824305 0.56444
4231 0.836869 0.467409
4236 0.845507 0.570282
4241 0.848452 0.56275
4246 0.831083 0.590925
4251 0.79902 0.604716
4256 0.753278 0.518054
4261 0.720849 0.51151
4266 0.726278 0.526716
4271 0.740447 0.524528
4276 0.755745 0.445689
4281 0.766907 0.524812
4286 0.761421 0.643655
4291 0.756912 0.584207
4296 0.709716 0.569103
4301 0.707589 0.666093
4306 0.693611 0.645333
4311 0.695401 0.669901
4316 0.699619 0.744818
4321 0.660915 0.720768
4326 0.635293 0.71147
4331 0.611235 0.4868
4336 0.605145 0.719658
4341 0.608217 0.65408
4346 0.610473 0.69793
4351 0.614954 0.669026
4356 0.614468 0.694786
4361 0.608687 0.67213
4366 0.60171 0.617037
4371 0.601402 0.629021
4376 0.595523 0.60579
4381 0.591743 0.468171
4386 0.590374 0.304039
4391 0.576141 0.535054
4396 0.542035 0.567948
4401 0.510639 0.571587
4406 0.478357 0.481383
4411 0.456373 0.544648
4416 0.475788 0.588238
4421 0.500891 0.569314
4426 0.501268 0.600648
4431 0.481987 0.588915
4436 0.466842 0.427717
4441 0.46412 0.535147
4446 0.479742 0.644235
4451 0.484973 0.579491
4456 0.487315 0.600105
4461 0.478527 0.62142
4466 0.477465 0.541557
4471 0.503979 0.508026
4476 0.512519 0.583336
4481 0.48744 0.544344
4486 0.44624 0.514845
4491 0.444158 0.424637
4496 0.450754 0.527956
4501 0.49374 0.496431
4506 0.557929 0.370343
4511 0.609801 0.56967
4516 0.668078 0.499076
4521 0.673758 0.512949
4526 0.719123 0.47843
4531 0.771356 0.498246
4536 0.779345 0.560481
4541 0.762973 0.558678
4546 0.726586 0.575148
4551 0.704675 0.549498
4556 0.695859 0.606049
4561 0.597893 0.618256
4566 0.555988 0.545624
4571 0.535998 0.516579
4576 0.519674 0.539304
4581 0.483838 0.590309
4586 0.476294 0.487282
4591 0.486435 0.468803
4596 0.501479 0.553671
4601 0.492488 0.507945
4606 0.486954 0.419492
4611 0.47704 0.478887
4616 0.444543 0.45154
4621 0.425225 0.463074
4626 0.360789 0.460647
4631 0.368674 0.447918
4636 0.38142 0.481476
4641 0.412187 0.507147
4646 0.428061 0.489778
4651 0.448375 0.527757
4656 0.459436 0.530168
4661 0.433182 0.484977
4666 0.413556 0.398136
4671 0.386018 0.334718
4676 0.319994 0.390811
4681 0.267296 0.323215
4686 0.253209 0.326355
4691 0.278097 0.374001
4696 0.280954 0.362126
4701 0.293068 0.399818
4706 0.295462 0.392821
4711 0.322466 0.411875
4716 0.357459 0.456896
4721 0.408982 0.43477
4726 0.423248 0.486346
4731 0.412187 0.378839
4736 0.396115 0.463945
4741 0.36506 0.457183
4746 0.337955 0.408974
4751 0.300284 0.419934
4756 0.24891 0.420651
4761 0.208245 0.34861
4766 0.172462 0.271437
4771 0.140528 0.279499
4776 0.105186 0.246427
4781 0.0772304 0.190989
4786 0.0420671 0.154522
4791 0.0166721 0.0752168
4796 0.00196499 0.0249332
4801 0.000279556 0.074058
4806 0.000194474 0.110242
4811 0.000125598 0.109347
4816 9.31853e-05 0.104287
4821 0.000174216 0.0614658
4826 0.000101288 0.026023
4831 4.86184e-05 0.103764
4836 0.000704967 0.10814
4841 0.00105745 0.00666072
4846 0.00147476 0.00512114
4851 0.00137752 0.00420549
4856 0.00179483 0.0308889
4861 0.00155984 0.00938741
4866 0.000846771 0.00465521
4871 0.000518597 0.0108379
4876 0.000737379 0.00259298
4881 0.000522648 0.0251519
4886 0.000380844 0.00728871
4891 0.000530751 0.00177457
4896 0.00183535 0.00485374
4901 0.00610161 0.00745888
4906 0.00779515 0.0106231
4911 0.00364638 0.0144923
4916 0.0077911 0.0148124
4921 0.0291549 0.0391986
4926 0.0492424 0.0848432
4931 0.0809861 0.126299
4936 0.0924885 0.171149
4941 0.102427 0.184612
4946 0.116449 0.185702
4951 0.105174 0.15192
4956 0.090329 0.190309
4961 0.0826837 0.169532
4966 0.0630622 0.143951
4971 0.0668017 0.152958
4976 0.0784823 0.145122
4981 0.0754072 0.137943
4986 0.0819828 0.179021
4991 0.0869297 0.186719
4996 0.0924439 0.191804
5001 0.0899279 0.183397
5006 0.0862531 0.185261
5011 0.0691759 0.145462
5016 0.0409853 0.0990519
5021 0.0251762 0.0551981
5026 0.0151082 0.0617008
5031 0.011166 0.0350012
5036 0.0130946 0.04387
5041 0.0152014 0.0478365
5046 0.0304554 0.0816303
5051 0.0627583 0.0570132
5056 0.0956568 0.108646
5061 0.141848 0.121558
5066 0.180942 0.167037
5071 0.211993 0.22719
5076 0.230796 0.18712
5081 0.218884 0.213115
5086 0.198837 0.176141
5091 0.158715 0.208346
5096 0.151783 0.164537
5101 0.123317 0.196953
5106 0.0908962 0.187858
5111 0.0730694 0.160408
5116 0.0580545 0.124808
5121 0.0277409 0.0713354
5126 0.0005267 0.0174986
5131 0.00162061 0.0220687
5136 0.000174216 0.0276477
5141 9.31853e-05 0.115542
5146 7.69792e-05 0.0948991
5151 5.67215e-05 0.0309011
5156 5.67215e-05 0.0670124
5161 0.000162061 0.0769184
5166 8.50822e-05 0.0467061
5171 5.267e-05 0.0592375
5176 5.67215e-05 0.0756057
5181 4.45669e-05 0.0890811
5186 9.31853e-05 0.0865124
5191 8.10307e-06 0.0491937
5196 1.21546e-05 0.111126
5201 0 0.0712503
5206 0 0.0472166
5211 0 0.0467304
5216 0 0.0347824
5221 9.31853e-05 0.120999
5226 6.88761e-05 0.0577344
5231 5.267e-05 0.0379062
5236 4.86184e-05 0.0802447
5241 3.64638e-05 0.0802285
5246 5.67215e-05 0.0849729
5251 8.91338e-05 0.0816384
5256 0.0122194 0.0116644
5261 0.0391743 0.0523823
5266 0.0480512 0.0866948
5271 0.053541 0.0842193
5276 0.0596508 0.0944818
5281 0.0627299 0.0968641
5286 0.0673325 0.126319
5291 0.0966008 0.167369
5296 0.131991 0.167697
5301 0.149327 0.197626
5306 0.165112 0.223859
5311 0.174115 0.210692
5316 0.171218 0.0940361
5321 0.164873 0.0585082
5326 0.157216 0.080269
5331 0.168276 0.0972288
5336 0.17691 0.124986
5341 0.184977 0.139766
5346 0.192553 0.13242
5351 0.201661 0.145349
5356 0.231752 0.172129
5361 0.249959 0.148217
5366 0.249255 0.199911
5371 0.245981 0.205231
5376 0.251398 0.186468
5381 0.256102 0.19374
5386 0.273669 0.211016
5391 0.291196 0.209148
5396 0.300012 0.209391
5401 0.295478 0.226327
5406 0.292638 0.127988
5411 0.297391 0.109294
5416 0.308095 0.147869
5421 0.332372 0.134353
5426 0.346123 0.129823
5431 0.359246 0.153784
5436 0.372077 0.197695
5441 0.392209 0.203217
5446 0.406572 0.247188
5451 0.414525 0.243988
5456 0.411685 0.187975
5461 0.407483 0.188186
5466 0.401345 0.188506
5471 0.401803 0.181343
5476 0.40269 0.166085
5481 0.423718 0.116895
5486 0.446876 0.105154
5491 0.470878 0.121826
5496 0.492403 0.12928
5501 0.509878 0.150332
5506 0.52843 0.143992
5511 0.538218 0.131877
5516 0.54041 0.114282
5521 0.555863 0.157965
5526 0.570497 0.129803
5531 0.603837 0.0673406
5536 0.626222 0.180626
5541 0.639446 0.0760271
5546 0.65534 0.0799206
5551 0.665047 0.0792278
5556 0.675857 0.079013
5561 0.686435 0.0960943
5566 0.691399 0.0966089
5571 0.690471 0.132821
5576 0.689887 0.142428
5581 0.690361 0.156138
5586 0.692233 0.147885
5591 0.696467 0.138781
5596 0.702249 0.141435
5601 0.699388 0.115858
5606 0.699793 0.101305
5611 0.700458 0.0653958
5616 0.69983 0.0649502
5621 0.709112 0.0773317
5626 0.709088 0.0629771
5631 0.703436 0.0476623
5636 0.703711 0.0637671
5641 0.719168 0.0755814
5646 0.787837 0.0993842
5651 0.789243 0.0788388
5656 0.784977 0.0614983
5661 0.784479 0.0661049
5666 0.784033 0.0745888
5671 0.784839 0.148371
5676 0.785192 0.0476542
5681 0.785986 0.014857
5686 0.783859 0.0511466
5691 0.784434 0.0275545
5696 0.785674 0.00941982
5701 0.783555 0.103505
5706 0.782108 0.082311
5711 0.775679 0.0253829
5716 0.773823 0.0691435
5721 0.770557 0.157297
5726 0.770327 0.0556195
5731 0.770193 0.0174176
5736 0.769913 0.012499
