frame_number static_density dynamic_density
1 0.00021068 0.0180212
6 0.065878 0.0562191
11 0.124885 0.16702
16 0.0830889 0.16352
21 0.0366097 0.106798
26 0.0136942 0.0478729
31 0.0261729 0.0495746
36 0.0288793 0.0626367
41 0.0251357 0.059671
46 0.0126894 0.036869
51 0.000405154 0.0159306
56 0.0377927 0.0367555
61 0.0574184 0.0751155
66 0.0259947 0.0563974
71 0.000777895 0.0262215
76 0.000226886 0.065327
81 0.0170651 0.0202901
86 0.0711936 0.106717
91 0.141674 0.176955
96 0.181655 0.252168
101 0.143878 0.229949
106 0.0814034 0.137866
111 0.0760716 0.115874
116 0.0954704 0.130022
121 0.116166 0.167102
126 0.111709 0.171445
131 0.077984 0.149404
136 0.0561543 0.111093
141 0.0375334 0.0770278
146 0.0172109 0.0399643
151 0.00314399 0.00881614
156 0.00021068 0.118078
161 0.00021068 0.0449072
166 0.00021068 0.0603841
171 0.000226886 0.109667
176 0.00021068 0.140507
181 0.00021068 0.0738514
186 0.00021068 0.0822138
191 0.00021068 0.200113
196 0.000226886 0.12362
201 0.00021068 0.171023
206 0.00021068 0.174978
211 0.00021068 0.106183
216 0.00021068 0.0783567
221 0.00021068 0.226983
226 0.00021068 0.0851795
231 0.00021068 0.179694
236 0.00021068 0.0837695
241 0.00021068 0.173179
246 0.000226886 0.137963
251 0.000226886 0.112114
256 0.00021068 0.10265
261 0.00021068 0.158059
266 0.00021068 0.182173
271 0.000226886 0.093477
276 0.00701726 0.0111498
281 0.0528644 0.0576939
286 0.0909327 0.104205
291 0.0869622 0.143716
296 0.0592334 0.0393809
301 0.0318775 0.0631229
306 0.0209059 0.038992
311 0.018945 0.019496
316 0.00709829 0.011166
321 0.00050239 0.062896
326 0.000226886 0.0660238
331 0.000226886 0.122664
336 0.000194474 0.113281
341 0.00319261 0.0110688
346 0.0232072 0.0444859
351 0.0290414 0.0699619
356 0.0329957 0.0675634
361 0.0301758 0.0683413
366 0.0180212 0.0499959
371 0.0101288 0.0325257
376 0.00113443 0.0144397
381 0.000729276 0.00491046
386 0.0236934 0.0510169
391 0.0432056 0.125063
396 0.0537558 0.163309
401 0.0482619 0.150328
406 0.0648894 0.134057
411 0.0993923 0.166421
416 0.153634 0.214067
421 0.189693 0.233401
426 0.216352 0.256219
431 0.235167 0.277157
436 0.250563 0.299619
441 0.242606 0.27719
446 0.231877 0.315388
451 0.227794 0.302715
456 0.232591 0.2733
461 0.227048 0.330913
466 0.218183 0.309635
471 0.209659 0.292586
476 0.204457 0.273187
481 0.197926 0.259136
486 0.192723 0.248408
491 0.190422 0.239316
496 0.188542 0.238182
501 0.215104 0.0458634
506 0.295114 0.123377
511 0.365821 0.225849
516 0.400778 0.301191
521 0.40585 0.30312
526 0.405672 0.219496
531 0.38966 0.0973989
536 0.362645 0.0463334
541 0.341544 0.00610972
546 0.330832 0.216125
551 0.324463 0.174686
556 0.321271 0.135807
561 0.319569 0.126894
566 0.315355 0.213078
571 0.328304 0.0257029
576 0.359274 0.0692164
581 0.40128 0.030111
586 0.437825 0.108208
591 0.472992 0.154704
596 0.567069 0.178705
601 0.631213 0.248213
606 0.658148 0.271971
611 0.701629 0.232104
616 0.704675 0.192124
621 0.71354 0.254404
626 0.708581 0.296605
631 0.710591 0.31166
636 0.714043 0.319844
641 0.714221 0.20987
646 0.714124 0.231002
651 0.721319 0.228037
656 0.721546 0.226627
661 0.723896 0.255587
666 0.731254 0.246593
671 0.745223 0.255312
676 0.754153 0.258601
681 0.761818 0.250741
686 0.765886 0.248829
691 0.771202 0.249964
696 0.783518 0.249931
701 0.786452 0.243708
706 0.788396 0.23802
711 0.790487 0.191686
716 0.79039 0.256965
721 0.800794 0.189045
726 0.801993 0.129325
731 0.800956 0.197893
736 0.80248 0.157864
741 0.804538 0.107933
746 0.809918 0.167442
751 0.811198 0.278259
756 0.810421 0.217811
761 0.810696 0.266964
766 0.812689 0.0550847
771 0.819253 0.242606
776 0.820598 0.0736083
781 0.819804 0.120023
786 0.821133 0.0305162
791 0.825233 0.0376145
796 0.821003 0.083251
801 0.818151 0.0902844
806 0.807844 0.119018
811 0.808168 0.142565
816 0.820241 0.159679
821 0.833968 0.19133
826 0.837906 0.091273
831 0.839981 0.0799125
836 0.84071 0.133928
841 0.84152 0.0936715
846 0.84327 0.26745
851 0.843643 0.112941
856 0.843125 0.109067
861 0.843659 0.117673
866 0.843368 0.0941253
871 0.841779 0.246204
876 0.841925 0.147994
881 0.842071 0.129082
886 0.84212 0.111271
891 0.842249 0.0260595
896 0.842104 0.0547768
901 0.842493 0.0363828
906 0.840694 0.165513
911 0.840694 0.0888097
916 0.840613 0.0457175
921 0.841601 0.0479378
926 0.84199 0.0427032
931 0.839997 0.12012
936 0.839818 0.0778219
941 0.84024 0.0986954
946 0.840159 0.0952273
951 0.840532 0.101288
956 0.840159 0.0857953
961 0.840045 0.12738
966 0.8387 0.00784377
971 0.839381 0.0081841
976 0.839138 0.0663317
981 0.8399 0.181833
986 0.839818 0.111417
991 0.839705 0.11529
996 0.839835 0.0705615
1001 0.840062 0.0564946
1006 0.83883 0.176566
1011 0.838457 0.187894
1016 0.838554 0.0830403
1021 0.838895 0.0582611
1026 0.839284 0.0293493
1031 0.838765 0.0395592
1036 0.837485 0.199546
1041 0.837695 0.140669
1046 0.83802 0.0863625
1051 0.838798 0.14417
1056 0.838522 0.0535289
1061 0.837209 0.160425
1066 0.838214 0.0449072
1071 0.838328 0.0504659
1076 0.838149 0.0415039
1081 0.838117 0.0273236
1086 0.836934 0.102147
1091 0.837922 0.0097561
1096 0.837452 0.0112147
1101 0.837939 0.0138563
1106 0.838182 0.0128191
1111 0.836707 0.047954
1116 0.835767 0.0191881
1121 0.835556 0.0303541
1126 0.836367 0.0289118
1131 0.836788 0.0183778
1136 0.837307 0.0332226
1141 0.83896 0.0282959
1146 0.837485 0.0280852
1151 0.837582 0.0235799
1156 0.836982 0.0236286
1161 0.837355 0.0461227
1166 0.837517 0.0280852
1171 0.837517 0.029009
1176 0.837517 0.0249088
1181 0.837841 0.0217324
1186 0.83708 0.0329957
1191 0.837728 0.0212949
1196 0.837841 0.0199011
1201 0.83755 0.0124787
1206 0.837841 0.0598331
1211 0.83789 0.254874
1216 0.837906 0.0679199
1221 0.838635 0.0576777
1226 0.838781 0.0730573
1231 0.838846 0.0272425
1236 0.835816 0.242201
1241 0.836075 0.102018
1246 0.836577 0.091354
1251 0.837355 0.0281339
1256 0.837663 0.0701888
1261 0.83648 0.0285066
1266 0.837242 0.0129001
1271 0.835459 0.0142938
1276 0.836529 0.0255409
1281 0.836059 0.0266753
1286 0.835297 0.0281825
1291 0.835167 0.0319747
1296 0.834681 0.0265457
1301 0.834519 0.0329471
1306 0.833919 0.0286849
1311 0.833693 0.0585204
1316 0.833206 0.0391216
1321 0.833887 0.0340653
1326 0.834389 0.0279394
1331 0.833887 0.0248764
1336 0.833174 0.0577587
1341 0.832785 0.0325581
1346 0.833271 0.0323475
1351 0.834065 0.041034
1356 0.833952 0.0592172
1361 0.834389 0.188931
1366 0.834973 0.0318613
1371 0.834665 0.027437
1376 0.835167 0.0240661
1381 0.835702 0.0191395
1386 0.83366 0.0241472
1391 0.834244 0.0139049
1396 0.834568 0.00546147
1401 0.835459 0.0553116
1406 0.835151 0.0531561
1411 0.836091 0.223969
1416 0.837096 0.112065
1421 0.83695 0.0518434
1426 0.836837 0.0979013
1431 0.837031 0.0597845
1436 0.834633 0.113022
1441 0.835021 0.0559274
1446 0.835767 0.0885504
1451 0.835702 0.115793
1456 0.836075 0.118353
1461 0.835394 0.252459
1466 0.837339 0.186322
1471 0.838198 0.0928774
1476 0.846058 0.186435
1481 0.849121 0.138822
1486 0.858585 0.106183
1491 0.860968 0.314821
1496 0.859817 0.0240985
1501 0.854939 0.509942
1506 0.850271 0.514513
1511 0.84682 0.532842
1516 0.844794 0.24024
1521 0.84024 0.506507
1526 0.828474 0.508111
1531 0.825265 0.479005
1536 0.809643 0.41606
1541 0.820841 0.393145
1546 0.824941 0.404311
1551 0.793485 0.391135
1556 0.754671 0.519763
1561 0.711028 0.582189
1566 0.74075 0.429139
1571 0.746406 0.398201
1576 0.754218 0.524982
1581 0.737201 0.590681
1586 0.702358 0.562693
1591 0.672863 0.467466
1596 0.661292 0.487205
1601 0.680366 0.378365
1606 0.693769 0.506102
1611 0.685001 0.334106
1616 0.635086 0.486492
1621 0.563747 0.474824
1626 0.528952 0.383713
1631 0.582433 0.328563
1636 0.622656 0.399433
1641 0.647662 0.273398
1646 0.649769 0.502082
1651 0.681647 0.432461
1656 0.729179 0.0900089
1661 0.698566 0.423126
1666 0.647533 0.293121
1671 0.641374 0.47753
1676 0.668957 0.393096
1681 0.640321 0.220711
1686 0.593842 0.184701
1691 0.550296 0.0767847
1696 0.580828 0.263642
1701 0.661826 0.31508
1706 0.764379 0.371445
1711 0.740912 0.404181
1716 0.659655 0.37219
1721 0.642104 0.475197
1726 0.586516 0.21632
1731 0.454906 0.294336
1736 0.335986 0.284353
1741 0.295762 0.249088
1746 0.22687 0.261729
1751 0.15814 0.25327
1756 0.122065 0.229301
1761 0.110963 0.15835
1766 0.149453 0.271275
1771 0.222429 0.24656
1776 0.234827 0.30098
1781 0.198023 0.352954
1786 0.100835 0.197261
1791 0.0363342 0.101807
1796 0.015963 0.0489426
1801 0.125889 0.169062
1806 0.186662 0.225962
1811 0.152143 0.259914
1816 0.1167 0.224358
1821 0.123799 0.210988
1826 0.160133 0.232558
1831 0.176874 0.246998
1836 0.165708 0.248894
1841 0.115436 0.223353
1846 0.0809011 0.15284
1851 0.0309051 0.063836
1856 0.032072 0.0329471
1861 0.118613 0.146633
1866 0.10192 0.177036
1871 0.118888 0.201507
1876 0.142744 0.218183
1881 0.182141 0.240564
1886 0.186095 0.30252
1891 0.250109 0.317997
1896 0.290868 0.34404
1901 0.345693 0.373778
1906 0.464598 0.461924
1911 0.358561 0.432639
1916 0.186873 0.238214
1921 0.0200146 0.0364314
1926 0.000810307 0.124431
1931 0.000567215 0.0649866
1936 0.000243092 0.0678875
1941 0.000243092 0.0671745
1946 0.000243092 0.179726
1951 0.000307917 0.191557
1956 0.000307917 0.27544
1961 0.000291711 0.06745
1966 0.000340329 0.0872701
1971 0.000340329 0.0846609
1976 0.000307917 0.0982902
1981 0.000275504 0.130038
1986 0.000307917 0.144186
1991 0.000324123 0.165124
1996 0.000275504 0.125711
2001 0.0354428 0.0239527
2006 0.273949 0.0850012
2011 0.357815 0.352516
2016 0.37817 0.417616
2021 0.427875 0.38146
2026 0.330443 0.431116
2031 0.241423 0.299182
2036 0.12657 0.143457
2041 0.00191232 0.0702212
2046 0.000680658 0.0551495
2051 0.00243092 0.0245685
2056 0.00439186 0.0178916
2061 0.00435945 0.00933474
2066 0.00570456 0.017373
2071 0.00578559 0.0190746
2076 0.00461875 0.0143586
2081 0.00491046 0.0147152
2086 0.00325743 0.0171785
2091 0.00285228 0.00721173
2096 0.00243092 0.0111822
2101 0.0740134 0.0783729
2106 0.209416 0.184669
2111 0.319893 0.239381
2116 0.400227 0.113524
2121 0.430646 0.188348
2126 0.453075 0.222543
2131 0.41324 0.360684
2136 0.311806 0.182497
2141 0.194668 0.175739
2146 0.0635281 0.0531724
2151 0.00217162 0.117073
2156 0.0667207 0.0618426
2161 0.142484 0.18415
2166 0.0627988 0.162288
2171 0.000307917 0.0692975
2176 0.000275504 0.0989385
2181 0.000259298 0.211895
2186 0.000226886 0.0899279
2191 0.000226886 0.226983
2196 0.000226886 0.241585
2201 0.000226886 0.131691
2206 0.000226886 0.203711
2211 0.00021068 0.0821165
2216 0.00021068 0.203614
2221 0.00021068 0.103752
2226 0.00021068 0.151414
2231 0.00021068 0.291792
2236 0.000226886 0.147233
2241 0.000226886 0.16365
2246 0.000226886 0.242687
2251 0.00021068 0.226951
2256 0.00021068 0.14485
2261 0.00021068 0.0940929
2266 0.0125111 0.0317478
2271 0.13336 0.157167
2276 0.212252 0.315307
2281 0.117495 0.276606
2286 0.0505145 0.140232
2291 0.0013127 0.0289928
2296 0.000226886 0.0883721
2301 0.0255895 0.0434325
2306 0.0353456 0.115696
2311 0.0192691 0.105615
2316 0.030581 0.0922292
2321 0.0198201 0.0970586
2326 0.00021068 0.0307755
2331 0.00021068 0.117462
2336 0.000226886 0.135175
2341 0.00021068 0.122146
2346 0.00021068 0.125338
2351 0.0139373 0.040645
2356 0.0271615 0.104967
2361 0.00205818 0.0622478
2366 0.0079086 0.00701726
2371 0.000291711 0.0120574
2376 0.00021068 0.0656673
2381 0.000226886 0.135516
2386 0.113637 0.0971558
2391 0.193129 0.100365
2396 0.0980634 0.189628
2401 0.00453772 0.0564784
2406 0.000307917 0.0637874
2411 0.000307917 0.0698485
2416 0.000275504 0.0969613
2421 0.000243092 0.205056
2426 0.000243092 0.216806
2431 0.0135645 0.0156389
2436 0.108549 0.11145
2441 0.0926343 0.164395
2446 0.000680658 0.0838182
2451 0.000226886 0.0497204
2456 0.000226886 0.075553
2461 0.00021068 0.123021
2466 0.00021068 0.166615
2471 0.00021068 0.177198
2476 0.00572077 0.0123653
2481 0.0317802 0.0810145
2486 0.0143911 0.0774492
2491 0.000178268 0.0213921
2496 0.000194474 0.0351511
2501 0.00021068 0.0851633
2506 0.00021068 0.142792
2511 0.0842071 0.0754072
2516 0.185431 0.249186
2521 0.140702 0.347897
2526 0.0249088 0.147816
2531 0.000194474 0.00935094
2536 0.000226886 0.150118
2541 0.000226886 0.119844
2546 0.00021068 0.173292
2551 0.00021068 0.215752
2556 0.000194474 0.153472
2561 0.000259298 0.0851795
2566 0.00021068 0.152727
2571 0.00021068 0.0603355
2576 0.000194474 0.120476
2581 0.00021068 0.163666
2586 0.000194474 0.114464
2591 0.000194474 0.146034
2596 0.000194474 0.163342
2601 0.00021068 0.224633
2606 0.00021068 0.28458
2611 0.000194474 0.14216
2616 0.000194474 0.129147
2621 0.00021068 0.208573
2626 0.0469006 0.0338222
2631 0.118904 0.1607
2636 0.0896524 0.21854
2641 0.118661 0.174605
2646 0.244243 0.333263
2651 0.230451 0.413662
2656 0.0848067 0.308516
2661 0.0348594 0.125565
2666 0.000226886 0.0188477
2671 0.034195 0.0556195
2676 0.0919374 0.131561
2681 0.107025 0.177344
2686 0.103654 0.147362
2691 0.0576128 0.102147
2696 0.0100478 0.0397213
2701 0.000194474 0.0811117
2706 0.000194474 0.149696
2711 0.000194474 0.226497
2716 0.000194474 0.0544364
2721 0.000194474 0.105696
2726 0.000194474 0.198574
2731 0.0589417 0.0491532
2736 0.107187 0.149923
2741 0.128288 0.19013
2746 0.0790698 0.196483
2751 0.0620047 0.154266
2756 0.0440969 0.148513
2761 0.00943197 0.0493963
2766 0.000178268 0.0165465
2771 0.000178268 0.147217
2776 0.000178268 0.207601
2781 0.000178268 0.212965
2786 0.000178268 0.198882
2791 0.000178268 0.117867
2796 0.000178268 0.105081
2801 0.000178268 0.226141
2806 0.000178268 0.202382
2811 0.000178268 0.212349
2816 0.000178268 0.138012
2821 0.000178268 0.193906
2826 0.000178268 0.145142
2831 0.000178268 0.262945
2836 0.000178268 0.26544
2841 0.000178268 0.122389
2846 0.000178268 0.125371
2851 0.0231748 0.0299489
2856 0.0404829 0.0591524
2861 0.0097723 0.0616806
2866 0.000178268 0.013678
2871 0.00021068 0.0500932
2876 0.000178268 0.0836399
2881 0.0223645 0.0370959
2886 0.0315534 0.104205
2891 0.0354428 0.114918
2896 0.0146179 0.0657969
2901 0.00304675 0.0259298
2906 0.000178268 0.0894741
2911 0.000178268 0.0665424
2916 0.000178268 0.195041
2921 0.000178268 0.16258
2926 0.000178268 0.198574
2931 0.000178268 0.158577
2936 0.000194474 0.179515
2941 0.0162548 0.0282959
2946 0.0841747 0.1085
2951 0.167037 0.186387
2956 0.253383 0.168657
2961 0.304076 0.274953
2966 0.335435 0.288518
2971 0.362045 0.328709
2976 0.387213 0.275666
2981 0.397018 0.237063
2986 0.422478 0.267547
2991 0.443967 0.296021
2996 0.479799 0.387732
3001 0.542241 0.381185
3006 0.603971 0.406434
3011 0.661146 0.446998
3016 0.729925 0.415153
3021 0.783924 0.38556
3026 0.824471 0.403338
3031 0.835816 0.335548
3036 0.79483 0.155806
3041 0.7261 0.0978851
3046 0.670205 0.0867191
3051 0.650223 0.0566243
3056 0.624536 0.0321692
3061 0.663107 0.0612592
3066 0.689944 0.149696
3071 0.72926 0.247046
3076 0.721335 0.201361
3081 0.725209 0.21619
3086 0.773146 0.251373
3091 0.799044 0.180861
3096 0.802382 0.186354
3101 0.782433 0.197942
3106 0.758836 0.167377
3111 0.732031 0.152792
3116 0.736002 0.136115
3121 0.737947 0.137525
3126 0.746504 0.0225427
3131 0.761332 0.0553116
3136 0.754623 0.0862977
3141 0.742128 0.109343
3146 0.731432 0.151738
3151 0.72516 0.178883
3156 0.721903 0.195397
3161 0.719034 0.20598
3166 0.718759 0.21794
3171 0.716846 0.214877
3176 0.714772 0.224228
3181 0.727299 0.233158
3186 0.743343 0.268568
3191 0.741625 0.274321
3196 0.739502 0.326716
3201 0.737104 0.334106
3206 0.735305 0.282992
3211 0.734106 0.294984
3216 0.732582 0.112957
3221 0.730411 0.127283
3226 0.728677 0.0232558
3231 0.72644 0.042687
3236 0.72563 0.0985658
3241 0.725111 0.098112
3246 0.725111 0.0351835
3251 0.725533 0.312973
3256 0.725662 0.0130946
3261 0.726878 0.128855
3266 0.728369 0.0609351
3271 0.733393 0.00854064
3276 0.739972 0.0144073
3281 0.745239 0.0158982
3286 0.756324 0.0139697
3291 0.7572 0.00774654
3296 0.754752 0.0269346
3301 0.75049 0.0236772
3306 0.746828 0.0324285
3311 0.741982 0.15929
3316 0.738238 0.0357183
3321 0.73396 0.0190746
3326 0.731091 0.0193988
3331 0.729892 0.0133863
3336 0.726392 0.152678
3341 0.72691 0.0290576
3346 0.726635 0.02311
3351 0.72563 0.0224131
3356 0.72597 0.0184264
3361 0.727008 0.0215218
3366 0.726586 0.0279232
3371 0.725727 0.0415039
3376 0.727461 0.0281663
3381 0.72832 0.0459768
3386 0.724009 0.0519893
3391 0.728904 0.0721497
3396 0.740037 0.039462
3401 0.749064 0.0339681
3406 0.747832 0.0310672
3411 0.739746 0.104189
3416 0.733377 0.0279394
3421 0.729082 0.0172109
3426 0.727121 0.0482619
3431 0.726424 0.0261243
3436 0.739632 0.166567
3441 0.741852 0.0397537
3446 0.751803 0.0137428
3451 0.766145 0.0171461
3456 0.760522 0.0103233
3461 0.757264 0.195722
3466 0.753278 0.0373227
3471 0.748724 0.20013
3476 0.748432 0.00985333
3481 0.747978 0.100867
3486 0.745807 0.123102
3491 0.745466 0.0635929
3496 0.746147 0.0311806
3501 0.746747 0.0214569
3506 0.748789 0.0240175
3511 0.745223 0.150669
3516 0.745466 0.0341139
3521 0.746309 0.0146666
3526 0.745855 0.0271777
3531 0.746131 0.0211652
3536 0.744445 0.0958431
3541 0.745385 0.0361883
3546 0.744397 0.0142938
3551 0.745223 0.0198687
3556 0.744332 0.0502552
3561 0.742355 0.0530589
3566 0.743035 0.0410177
3571 0.744915 0.165821
3576 0.744818 0.0258002
3581 0.745158 0.0888421
3586 0.744073 0.171137
3591 0.745855 0.0634308
3596 0.743716 0.134592
3601 0.744105 0.194749
3606 0.744575 0.0229317
3611 0.74417 0.0317965
3616 0.743489 0.0259784
3621 0.741966 0.125938
3626 0.742403 0.039543
3631 0.743035 0.010615
3636 0.764557 0.0121708
3641 0.77488 0.013127
3646 0.762272 0.0503201
3651 0.756746 0.0263674
3656 0.750425 0.0271291
3661 0.745969 0.215688
3666 0.744607 0.111774
3671 0.739632 0.149615
3676 0.739713 0.0554574
3681 0.741139 0.0334495
3686 0.742711 0.0491208
3691 0.742582 0.0353132
3696 0.74135 0.0429301
3701 0.740929 0.234665
3706 0.741917 0.251455
3711 0.7472 0.2305
3716 0.751625 0.201345
3721 0.75767 0.189012
3726 0.765562 0.177636
3731 0.77232 0.161008
3736 0.780212 0.154201
3741 0.78522 0.161462
3746 0.78945 0.173454
3751 0.793469 0.163326
3756 0.796418 0.163941
3761 0.796694 0.153018
3766 0.796597 0.140507
3771 0.79765 0.186452
3776 0.797812 0.0657321
3781 0.797456 0.0769954
3786 0.795268 0.0822462
3791 0.794409 0.0804797
3796 0.792108 0.0874483
3801 0.785836 0.212203
3806 0.777052 0.230873
3811 0.784345 0.256252
3816 0.7959 0.27612
3821 0.821441 0.20504
3826 0.832266 0.020047
3831 0.839737 0.0385706
3836 0.845393 0.0450693
3841 0.846171 0.0458958
3846 0.846706 0.0570618
3851 0.844697 0.0605786
3856 0.840596 0.0542906
3861 0.838976 0.0645977
3866 0.838279 0.087659
3871 0.839154 0.0901548
3876 0.8393 0.0869135
3881 0.838862 0.0860708
3886 0.838376 0.0613078
3891 0.837695 0.0315858
3896 0.837566 0.0344381
3901 0.836999 0.0279394
3906 0.837015 0.0296086
3911 0.836999 0.0239851
3916 0.836691 0.0313751
3921 0.836464 0.0506118
3926 0.837015 0.0246982
3931 0.837258 0.0452313
3936 0.837193 0.0403695
3941 0.836739 0.0281177
3946 0.836399 0.14028
3951 0.83682 0.0455555
3956 0.836658 0.0508711
3961 0.836901 0.0382951
3966 0.836123 0.0224293
3971 0.836091 0.050709
3976 0.836107 0.0273074
3981 0.836739 0.0199984
3986 0.836723 0.0282473
3991 0.836675 0.0276801
3996 0.837323 0.0222024
4001 0.837112 0.0488129
4006 0.836788 0.0296734
4011 0.837582 0.0589742
4016 0.837582 0.0263512
4021 0.83802 0.0281177
4026 0.837452 0.0125598
4031 0.83755 0.0229479
4036 0.837193 0.0571267
4041 0.837469 0.0331091
4046 0.836626 0.200194
4051 0.837404 0.0623288
4056 0.837274 0.0595252
4061 0.837258 0.0457824
4066 0.837177 0.02956
4071 0.836042 0.160862
4076 0.836188 0.0223483
4081 0.837063 0.0228831
4086 0.836691 0.024682
4091 0.837307 0.0131108
4096 0.838765 0.155158
4101 0.838976 0.0241472
4106 0.839057 0.0720039
4111 0.840661 0.0598979
4116 0.842574 0.0674986
4121 0.844389 0.226351
4126 0.838376 0.0113605
4131 0.831813 0.110996
4136 0.824893 0.150442
4141 0.822705 0.15378
4146 0.821457 0.164509
4151 0.820582 0.117576
4156 0.820177 0.133198
4161 0.821862 0.0707074
4166 0.821732 0.106328
4171 0.836982 0.148578
4176 0.822364 0.137234
4181 0.818913 0.191573
4186 0.818329 0.198007
4191 0.819853 0.202382
4196 0.81901 0.210113
4201 0.818832 0.317154
4206 0.819237 0.152435
4211 0.82183 0.262653
4216 0.825735 0.373568
4221 0.839203 0.0931043
4226 0.838603 0.16553
4231 0.842428 0.00648246
4236 0.845345 0.361024
4241 0.851795 0.435783
4246 0.848894 0.370699
4251 0.808897 0.233984
4256 0.645734 0.326343
4261 0.532356 0.375221
4266 0.533571 0.474451
4271 0.585868 0.407325
4276 0.668827 0.470075
4281 0.723426 0.543927
4286 0.758075 0.492391
4291 0.752208 0.562791
4296 0.70406 0.53524
4301 0.723086 0.404473
4306 0.711579 0.362515
4311 0.682862 0.438635
4316 0.670237 0.471745
4321 0.64165 0.425346
4326 0.624325 0.501126
4331 0.523718 0.514367
4336 0.446252 0.383891
4341 0.395057 0.276882
4346 0.363423 0.33584
4351 0.366664 0.341739
4356 0.379256 0.381331
4361 0.384426 0.400956
4366 0.414326 0.45019
4371 0.407244 0.498776
4376 0.353132 0.546585
4381 0.256576 0.429738
4386 0.224601 0.360295
4391 0.20107 0.366583
4396 0.173746 0.298663
4401 0.133296 0.206126
4406 0.0978851 0.17232
4411 0.136472 0.216546
4416 0.22264 0.266008
4421 0.331497 0.359663
4426 0.39342 0.433514
4431 0.36177 0.408038
4436 0.335111 0.371477
4441 0.255036 0.413532
4446 0.304141 0.411685
4451 0.43823 0.383875
4456 0.515274 0.313621
4461 0.568414 0.445944
4466 0.609432 0.561121
4471 0.675958 0.546974
4476 0.703914 0.481258
4481 0.541188 0.438457
4486 0.384701 0.48069
4491 0.323361 0.435978
4496 0.297853 0.412106
4501 0.36365 0.442023
4506 0.473706 0.394652
4511 0.596791 0.58979
4516 0.63037 0.57595
4521 0.596224 0.470772
4526 0.581104 0.438619
4531 0.612106 0.334009
4536 0.631213 0.413451
4541 0.589677 0.373519
4546 0.527153 0.412414
4551 0.524658 0.309764
4556 0.541399 0.420549
4561 0.419091 0.419869
4566 0.335289 0.378187
4571 0.346876 0.431051
4576 0.41055 0.413435
4581 0.406223 0.372255
4586 0.405915 0.333133
4591 0.405607 0.265376
4596 0.460092 0.371234
4601 0.408816 0.0722308
4606 0.365546 0.37198
4611 0.331967 0.207212
4616 0.237436 0.17078
4621 0.219253 0.177149
4626 0.225622 0.188834
4631 0.29406 0.210356
4636 0.350831 0.31414
4641 0.336747 0.360846
4646 0.31576 0.367458
4651 0.387667 0.402123
4656 0.441261 0.38838
4661 0.40363 0.395851
4666 0.297674 0.300948
4671 0.223855 0.0368852
4676 0.153391 0.227388
4681 0.155141 0.2745
4686 0.184669 0.305178
4691 0.275553 0.30662
4696 0.253691 0.299003
4701 0.219383 0.202804
4706 0.238538 0.244324
4711 0.288939 0.280075
4716 0.329941 0.448926
4721 0.402155 0.485585
4726 0.301904 0.370246
4731 0.149194 0.252638
4736 0.0465927 0.0952111
4741 0.00092375 0.0727008
4746 0.038441 0.0587635
4751 0.0278422 0.119358
4756 0 0.0470788
4761 0 0.0580666
4766 0 0.119083
4771 0 0.107268
4776 0 0.064857
4781 0 0.0590228
4786 0 0.123167
4791 0 0.171785
4796 1.62061e-05 0.126035
4801 0 0.138303
4806 0 0.113637
4811 0 0.0990844
4816 0 0.216935
4821 0 0.227826
4826 0 0.148821
4831 0 0.193647
4836 0 0.176096
4841 0 0.145564
4846 0 0.184183
4851 0 0.180747
4856 0 0.224471
4861 0 0.196175
4866 0 0.195722
4871 0 0.0993112
4876 0 0.238409
4881 0 0.119293
4886 0 0.174816
4891 0 0.167507
4896 0.00455393 0.00667693
4901 0.018945 0.0262215
4906 0.0328823 0.0419415
4911 0.0181185 0.054242
4916 0.00573697 0.0316344
4921 0.109894 0.135224
4926 0.0780488 0.192788
4931 0.131594 0.210745
4936 0.111239 0.225897
4941 0.0271777 0.131821
4946 0 0.00487805
4951 0 0.239041
4956 0 0.198201
4961 0 0.139648
4966 0.0113767 0.0216514
4971 0.114642 0.142355
4976 0.182886 0.272101
4981 0.121854 0.302488
4986 0.050239 0.178592
4991 0 0.0478243
4996 0 0.126359
5001 0 0.138319
5006 0.000324123 0.143084
5011 0.00126408 0.116992
5016 0 0.0841747
5021 0.0123491 0.0261405
5026 0.031764 0.0846933
5031 0.0094968 0.0565756
5036 0 0.0121546
5041 0 0.096702
5046 0.0299489 0.0352646
5051 0.145547 0.138968
5056 0.257564 0.234406
5061 0.301596 0.256932
5066 0.32798 0.204878
5071 0.27356 0.311644
5076 0.178883 0.184993
5081 0.145547 0.151997
5086 0.0205818 0.0487319
5091 3.24123e-05 0.101029
5096 0 0.116311
5101 0 0.103898
5106 0 0.100138
5111 0 0.113216
5116 0 0.130784
5121 0 0.189855
5126 0 0.153537
5131 0.00628798 0.00455393
5136 0.000145855 0.00672555
5141 0 0.121368
5146 1.62061e-05 0.12469
5151 0 0.137979
5156 0 0.129584
5161 0 0.208476
5166 0 0.083251
5171 0 0.107479
5176 0 0.157524
5181 0 0.24925
5186 0 0.208816
5191 0 0.143862
5196 0 0.23849
5201 0 0.264857
5206 0 0.272328
5211 0 0.224795
5216 0 0.269622
5221 0 0.244194
5226 0 0.0984685
5231 0 0.260222
5236 0 0.189563
5241 0 0.1437
5246 0 0.26638
5251 0 0.229965
5256 0.0349404 0.0378738
5261 0.137444 0.148756
5266 0.150458 0.267239
5271 0.0772871 0.121741
5276 0.0259136 0.0839154
5281 3.24123e-05 0.00348432
5286 0 0.0909327
5291 0.104027 0.0801232
5296 0.22781 0.228733
5301 0.288826 0.280788
5306 0.255295 0.262766
5311 0.204392 0.183486
5316 0.14733 0.140329
5321 0.0950004 0.0895713
5326 0.0555222 0.0519893
5331 0.0778381 0.106377
5336 0.110461 0.159825
5341 0.113394 0.234422
5346 0.0812738 0.157799
5351 0.0409205 0.100802
5356 0.0981606 0.108014
5361 0.169322 0.205526
5366 0.173487 0.339292
5371 0.126781 0.288437
5376 0.0554412 0.16151
5381 0.00163682 0.0615509
5386 0.0320558 0.0497042
5391 0.121319 0.137379
5396 0.180617 0.256673
5401 0.17749 0.276995
5406 0.125047 0.22345
5411 0.0976744 0.156875
5416 0.0751317 0.110218
5421 0.121935 0.143246
5426 0.140329 0.210712
5431 0.150215 0.202512
5436 0.153472 0.308889
5441 0.19684 0.350134
5446 0.21572 0.314237
5451 0.224747 0.352127
5456 0.204894 0.273754
5461 0.18462 0.224569
5466 0.166534 0.176161
5471 0.137849 0.157086
5476 0.126651 0.0894093
5481 0.18112 0.0912892
5486 0.247533 0.121254
5491 0.308419 0.158691
5496 0.338465 0.16258
5501 0.357248 0.201507
5506 0.382011 0.194441
5511 0.396759 0.236561
5516 0.396062 0.270237
5521 0.42849 0.341447
5526 0.494466 0.402172
5531 0.618459 0.45066
5536 0.694676 0.487157
5541 0.75532 0.281128
5546 0.772206 0.254987
5551 0.77326 0.252913
5556 0.780942 0.270092
5561 0.795819 0.233482
5566 0.810809 0.262264
5571 0.802415 0.27108
5576 0.806482 0.350847
5581 0.81055 0.429414
5586 0.810761 0.401394
5591 0.821635 0.314772
5596 0.813014 0.347573
5601 0.813986 0.291824
5606 0.827583 0.267029
5611 0.828458 0.13302
5616 0.825557 0.136456
5621 0.822073 0.168722
5626 0.81969 0.158528
5631 0.813937 0.203225
5636 0.807892 0.211166
5641 0.809319 0.226902
5646 0.807179 0.148189
5651 0.80598 0.167166
5656 0.7994 0.0060773
5661 0.796905 0.0736245
5666 0.797391 0.155239
5671 0.794992 0.222446
5676 0.795333 0.157864
5681 0.795397 0.118029
5686 0.794036 0.115145
5691 0.795819 0.143052
5696 0.794976 0.163617
5701 0.79799 0.218767
5706 0.800195 0.104757
5711 0.801669 0.124625
5716 0.800081 0.0974799
5721 0.803954 0.108905
5726 0.804522 0.103898
5731 0.804359 0.0392999
5736 0.804343 0.0509197
