frame_number static_density dynamic_density
1 0.128401 0.139535
6 0.0893607 0.135856
11 0.0989385 0.100948
16 0.103833 0.117754
21 0.104902 0.180569
26 0.105324 0.104157
31 0.105356 0.100316
36 0.105194 0.117154
41 0.104951 0.16459
46 0.110753 0.156778
51 0.125063 0.0457337
56 0.139778 0.0591848
61 0.147865 0.0618426
66 0.155028 0.0716149
71 0.163585 0.174994
76 0.17971 0.044421
81 0.193971 0.082862
86 0.205867 0.100057
91 0.203971 0.114432
96 0.198234 0.160165
101 0.202074 0.125128
106 0.20094 0.142679
111 0.188364 0.128596
116 0.184928 0.109067
121 0.18616 0.146082
126 0.189239 0.0932663
131 0.198298 0.0916944
136 0.211798 0.11354
141 0.225541 0.135662
146 0.217584 0.177554
151 0.216482 0.167766
156 0.219755 0.177636
161 0.21418 0.133863
166 0.210793 0.135986
171 0.208589 0.157637
176 0.206337 0.120849
181 0.205688 0.119358
186 0.202836 0.0697188
191 0.198379 0.104951
196 0.194182 0.12153
201 0.19086 0.0461389
206 0.188558 0.0328823
211 0.187894 0.121822
216 0.187327 0.0779353
221 0.19107 0.195997
226 0.189758 0.159079
231 0.189385 0.0525565
236 0.192124 0.0535127
241 0.193663 0.0436107
246 0.198217 0.0434973
251 0.196856 0.0661211
256 0.197294 0.0483429
261 0.19966 0.0548254
266 0.199757 0.0821003
271 0.197261 0.136747
276 0.196062 0.0625881
281 0.188234 0.0244389
286 0.187408 0.0443238
291 0.185301 0.0717932
296 0.189336 0.199514
301 0.187716 0.0486022
306 0.187797 0.0711936
311 0.186063 0.0673689
316 0.185495 0.0737055
321 0.183778 0.184637
326 0.182027 0.1396
331 0.18159 0.139502
336 0.182027 0.104432
341 0.183016 0.0967183
346 0.18441 0.143716
351 0.184264 0.114026
356 0.184345 0.146747
361 0.183713 0.118467
366 0.182627 0.0384734
371 0.182886 0.201459
376 0.182384 0.194004
381 0.182206 0.142225
386 0.183356 0.0790374
391 0.182578 0.0554898
396 0.186095 0.169322
401 0.185366 0.169241
406 0.184604 0.0951787
411 0.185431 0.0545661
416 0.18394 0.039154
421 0.188024 0.208119
426 0.187764 0.0535451
431 0.187197 0.0857467
436 0.185577 0.0693461
441 0.188721 0.0173244
446 0.197229 0.0661535
451 0.207196 0.061875
456 0.216871 0.101969
461 0.234179 0.0994571
466 0.244162 0.134219
471 0.249785 0.170116
476 0.256819 0.169889
481 0.26053 0.196856
486 0.265846 0.194749
491 0.271664 0.167069
496 0.275132 0.211198
501 0.275634 0.315436
506 0.27625 0.17595
511 0.275488 0.0412122
516 0.277319 0.174184
521 0.283105 0.264128
526 0.284369 0.0943197
531 0.28586 0.128466
536 0.28505 0.147379
541 0.287465 0.0298355
546 0.289474 0.101775
551 0.290625 0.145256
556 0.293428 0.0550361
561 0.295681 0.0604489
566 0.295762 0.162807
571 0.291176 0.214359
576 0.288567 0.196645
581 0.287351 0.112698
586 0.284094 0.124058
591 0.281193 0.106231
596 0.277044 0.152354
601 0.276947 0.0936553
606 0.276185 0.0747589
611 0.278697 0.0503849
616 0.282959 0.0563163
621 0.284693 0.113767
626 0.287367 0.072879
631 0.289182 0.12503
636 0.288129 0.0586824
641 0.284337 0.0703185
646 0.286217 0.0896362
651 0.287643 0.142938
656 0.288567 0.100608
661 0.289377 0.101418
666 0.289782 0.0847095
671 0.285066 0.152516
676 0.283802 0.0845474
681 0.2868 0.174346
686 0.287254 0.0408719
691 0.28761 0.0396564
696 0.284936 0.138627
701 0.286071 0.183632
706 0.289782 0.0376955
711 0.291451 0.0514059
716 0.295 0.115193
721 0.309019 0.155984
726 0.313216 0.138951
731 0.312795 0.11226
736 0.317511 0.144202
741 0.321919 0.0416984
746 0.330362 0.224552
751 0.334252 0.0351835
756 0.338935 0.150312
761 0.34088 0.0831375
766 0.341836 0.0939956
771 0.356486 0.128158
776 0.355482 0.182562
781 0.352257 0.0436431
786 0.34981 0.0461065
791 0.350409 0.0502715
796 0.3343 0.252249
801 0.329941 0.103006
806 0.333474 0.0459606
811 0.335743 0.0376631
816 0.351803 0.0140021
821 0.425703 0.0449883
826 0.582902 0.111644
831 0.650207 0.0596872
836 0.66053 0.0619399
841 0.667288 0.0670772
846 0.710315 0.154558
851 0.713945 0.0556519
856 0.709456 0.0696378
861 0.710915 0.0406126
866 0.704043 0.0663317
871 0.721287 0.139794
876 0.720784 0.0505956
881 0.736051 0.055344
886 0.734641 0.118159
891 0.733522 0.0582449
896 0.707576 0.0828458
901 0.704513 0.0269832
906 0.686071 0.188591
911 0.68116 0.040645
916 0.696653 0.0237582
921 0.695325 0.0276153
926 0.694611 0.15028
931 0.712195 0.156584
936 0.707544 0.0538854
941 0.703136 0.0312292
946 0.690835 0.0407747
951 0.688178 0.0332226
956 0.738109 0.064468
961 0.723134 0.128742
966 0.712471 0.116911
971 0.709991 0.0123329
976 0.702731 0.0311644
981 0.673641 0.205867
986 0.65254 0.0770278
991 0.66993 0.0397861
996 0.671826 0.0683089
1001 0.664841 0.0944008
1006 0.657256 0.182335
1011 0.635443 0.0560408
1016 0.637112 0.025395
1021 0.638814 0.0792318
1026 0.638652 0.05818
1031 0.63682 0.10427
1036 0.664744 0.195803
1041 0.659801 0.0723928
1046 0.656657 0.0991492
1051 0.660287 0.174265
1056 0.660254 0.125144
1061 0.644064 0.248456
1066 0.640985 0.212414
1071 0.631213 0.0825217
1076 0.635151 0.155466
1081 0.640937 0.10675
1086 0.665554 0.227712
1091 0.665181 0.083251
1096 0.666915 0.113735
1101 0.661405 0.124236
1106 0.658002 0.140912
1111 0.673754 0.16446
1116 0.667255 0.0900251
1121 0.654955 0.129503
1126 0.656543 0.0284904
1131 0.663317 0.039462
1136 0.667936 0.118645
1141 0.678746 0.105729
1146 0.675278 0.106896
1151 0.653043 0.0872053
1156 0.645636 0.0393161
1161 0.646058 0.0812738
1166 0.640888 0.0793939
1171 0.64763 0.0734624
1176 0.640353 0.0849364
1181 0.650547 0.040175
1186 0.698469 0.203841
1191 0.694952 0.138757
1196 0.698096 0.174297
1201 0.705745 0.247986
1206 0.70312 0.103282
1211 0.708403 0.278584
1216 0.706231 0.203987
1221 0.692586 0.107982
1226 0.693169 0.087659
1231 0.692359 0.0668828
1236 0.661016 0.109229
1241 0.652022 0.070286
1246 0.672377 0.05818
1251 0.664436 0.0511142
1256 0.645588 0.0651001
1261 0.649947 0.180909
1266 0.644129 0.224504
1271 0.642314 0.142987
1276 0.634211 0.10312
1281 0.631148 0.0832834
1286 0.625784 0.104935
1291 0.621246 0.0497853
1296 0.631197 0.093477
1301 0.632688 0.0777085
1306 0.63708 0.0944332
1311 0.602463 0.0683575
1316 0.579321 0.103379
1321 0.5607 0.0554574
1326 0.535905 0.134835
1331 0.53315 0.115631
1336 0.54532 0.151414
1341 0.535143 0.126878
1346 0.543003 0.0959079
1351 0.538692 0.111028
1356 0.54699 0.129455
1361 0.542922 0.15754
1366 0.54699 0.125176
1371 0.558626 0.127737
1376 0.55647 0.120655
1381 0.551657 0.107512
1386 0.544591 0.16587
1391 0.547217 0.107106
1396 0.553424 0.113654
1401 0.561332 0.0652459
1406 0.571963 0.0869946
1411 0.640159 0.116376
1416 0.636091 0.114253
1421 0.638862 0.219026
1426 0.630549 0.325711
1431 0.625719 0.33383
1436 0.641439 0.307965
1441 0.63614 0.414667
1446 0.643773 0.425573
1451 0.648878 0.249607
1456 0.650855 0.576469
1461 0.710024 0.631132
1466 0.706961 0.630581
1471 0.721708 0.541917
1476 0.734884 0.44481
1481 0.721352 0.425346
1486 0.762483 0.329633
1491 0.756033 0.598623
1496 0.749955 0.647192
1501 0.734624 0.60564
1506 0.735564 0.745709
1511 0.766178 0.776696
1516 0.753667 0.687772
1521 0.772887 0.464306
1526 0.749048 0.580148
1531 0.743505 0.65314
1536 0.729131 0.645393
1541 0.697529 0.603646
1546 0.631926 0.38932
1551 0.580585 0.646285
1556 0.560019 0.531027
1561 0.576096 0.608476
1566 0.594279 0.585658
1571 0.596159 0.601491
1576 0.620566 0.482489
1581 0.68646 0.552629
1586 0.74263 0.464954
1591 0.730735 0.388737
1596 0.752451 0.609011
1601 0.736828 0.7613
1606 0.719326 0.736942
1611 0.748157 0.815558
1616 0.765157 0.753424
1621 0.750539 0.613856
1626 0.752143 0.698047
1631 0.774378 0.717576
1636 0.754282 0.67155
1641 0.733847 0.589158
1646 0.670027 0.733944
1651 0.564881 0.719067
1656 0.581363 0.738822
1661 0.669719 0.669524
1666 0.70239 0.343732
1671 0.759695 0.572239
1676 0.755838 0.652686
1681 0.700997 0.708533
1686 0.669605 0.537379
1691 0.722129 0.677012
1696 0.719018 0.532161
1701 0.753197 0.821068
1706 0.75532 0.734171
1711 0.711207 0.736132
1716 0.652119 0.554639
1721 0.611004 0.745207
1726 0.614035 0.623888
1731 0.609999 0.502666
1736 0.605072 0.547427
1741 0.630646 0.506491
1746 0.609464 0.571558
1751 0.572466 0.582935
1756 0.554931 0.229398
1761 0.544154 0.506815
1766 0.555174 0.57561
1771 0.549955 0.612236
1776 0.528191 0.646771
1781 0.500122 0.529293
1786 0.515728 0.158998
1791 0.481322 0.529163
1796 0.472976 0.491079
1801 0.496378 0.453804
1806 0.510639 0.336926
1811 0.519374 0.185317
1816 0.514156 0.501985
1821 0.519844 0.463544
1826 0.440175 0.433952
1831 0.413532 0.648278
1836 0.440742 0.547768
1841 0.475569 0.651438
1846 0.494498 0.665797
1851 0.373941 0.647662
1856 0.276347 0.388575
1861 0.17138 0.271842
1866 0.0929422 0.10218
1871 0.105713 0.148805
1876 0.129617 0.166032
1881 0.169484 0.183713
1886 0.253983 0.253351
1891 0.337542 0.359874
1896 0.365205 0.436496
1901 0.382708 0.369581
1906 0.515047 0.623596
1911 0.47813 0.651908
1916 0.43131 0.572109
1921 0.363958 0.551916
1926 0.369435 0.531189
1931 0.391881 0.492732
1936 0.463317 0.462945
1941 0.534819 0.480739
1946 0.616676 0.5701
1951 0.623499 0.533458
1956 0.535435 0.427064
1961 0.401621 0.45045
1966 0.261907 0.289944
1971 0.107204 0.120963
1976 0.0183129 0.0683251
1981 0.0165789 0.0625233
1986 0.012106 0.0593307
1991 0.00978851 0.0316992
1996 0.00884855 0.0218621
2001 0.00931853 0.0393323
2006 0.0132242 0.0546633
2011 0.0176485 0.0644194
2016 0.0227048 0.0577263
2021 0.0260595 0.0498015
2026 0.192059 0.0888745
2031 0.286314 0.289993
2036 0.294806 0.378721
2041 0.368236 0.3173
2046 0.388364 0.383956
2051 0.442719 0.531286
2056 0.388883 0.579305
2061 0.314837 0.519455
2066 0.286816 0.490495
2071 0.243611 0.226918
2076 0.152322 0.192999
2081 0.0555222 0.0756503
2086 0.0446803 0.119974
2091 0.0374848 0.079637
2096 0.0352646 0.0514221
2101 0.0301272 0.0887286
2106 0.0250061 0.0663642
2111 0.0249575 0.0803501
2116 0.0213759 0.0642411
2121 0.0207763 0.0574022
2126 0.023742 0.0204035
2131 0.117446 0.137023
2136 0.203533 0.0921805
2141 0.255522 0.208071
2146 0.30615 0.197018
2151 0.356049 0.348254
2156 0.412657 0.361705
2161 0.488712 0.383551
2166 0.532663 0.377036
2171 0.566178 0.188931
2176 0.548254 0.322713
2181 0.47014 0.420841
2186 0.350328 0.188494
2191 0.246674 0.228377
2196 0.171185 0.157605
2201 0.0837858 0.125922
2206 0.0493315 0.144332
2211 0.0229317 0.0695892
2216 0.00481322 0.0449396
2221 0.0042136 0.0494774
2226 0.00512114 0.0551981
2231 0.00727656 0.0313103
2236 0.00578559 0.0560408
2241 0.00779515 0.0434163
2246 0.00630419 0.0462037
2251 0.0111822 0.0776112
2256 0.0136294 0.0616482
2261 0.0162061 0.114788
2266 0.024844 0.100365
2271 0.024844 0.139227
2276 0.0328174 0.180585
2281 0.0371931 0.192837
2286 0.0405316 0.139276
2291 0.0346649 0.151965
2296 0.0247954 0.149113
2301 0.130022 0.183729
2306 0.216076 0.362758
2311 0.213532 0.338725
2316 0.168463 0.27834
2321 0.125387 0.282392
2326 0.108322 0.224909
2331 0.0953731 0.196224
2336 0.0612916 0.197277
2341 0.0632364 0.19107
2346 0.0646625 0.240807
2351 0.0430273 0.156033
2356 0.0170327 0.098274
2361 0.00145855 0.0657969
2366 0.000875132 0.0873349
2371 0.0010534 0.0711612
2376 0.0253464 0.0623288
2381 0.0404829 0.142258
2386 0.0361883 0.147265
2391 0.0183129 0.0763633
2396 0.00134511 0.030111
2401 0.000875132 0.126538
2406 0.0662831 0.0618264
2411 0.161932 0.211036
2416 0.21183 0.288064
2421 0.16527 0.297431
2426 0.0761365 0.148627
2431 0.000842719 0.0301758
2436 0.00173406 0.194069
2441 0.00128029 0.103703
2446 0.0010534 0.150733
2451 0.000648246 0.0962807
2456 0.0607892 0.0711612
2461 0.165384 0.154671
2466 0.152435 0.163601
2471 0.083494 0.161997
2476 0.0391054 0.14733
2481 0.0010534 0.0373876
2486 0.00163682 0.174119
2491 0.00100478 0.157815
2496 0.00102099 0.122243
2501 0.0171137 0.0470464
2506 0.054485 0.118289
2511 0.0554898 0.143586
2516 0.0299165 0.098744
2521 0.00837858 0.0416012
2526 0.00153958 0.0140831
2531 0.00170164 0.0319747
2536 0.00265781 0.184361
2541 0.0881614 0.089069
2546 0.201167 0.330135
2551 0.269022 0.522599
2556 0.232493 0.482975
2561 0.133863 0.275018
2566 0.0367069 0.0726845
2571 0.00155579 0.0363828
2576 0.00147476 0.0552792
2581 0.00149097 0.13383
2586 0.00228507 0.158739
2591 0.00173406 0.0970424
2596 0.00207439 0.0799611
2601 0.0015882 0.032623
2606 0.00165303 0.0938336
2611 0.0026416 0.156276
2616 0.00204197 0.0279556
2621 0.00204197 0.0750993
2626 0.00200956 0.0695243
2631 0.00155579 0.0613889
2636 0.002123 0.140248
2641 0.00215542 0.0992788
2646 0.00147476 0.0188315
2651 0.00152338 0.124771
2656 0.0976582 0.0735273
2661 0.181331 0.17971
2666 0.181395 0.277871
2671 0.208849 0.343538
2676 0.249834 0.495632
2681 0.293299 0.491257
2686 0.348319 0.533522
2691 0.315663 0.454566
2696 0.224504 0.403565
2701 0.103347 0.217438
2706 0.0126408 0.0875942
2711 0.00220404 0.150539
2716 0.00257678 0.0766551
2721 0.00338708 0.100203
2726 0.00839478 0.0604651
2731 0.0213759 0.0464792
2736 0.0341139 0.135402
2741 0.0452638 0.106458
2746 0.0462685 0.134527
2751 0.0487319 0.140361
2756 0.0471599 0.135548
2761 0.048505 0.201151
2766 0.0497042 0.143797
2771 0.0531561 0.107674
2776 0.055976 0.112292
2781 0.0678551 0.123928
2786 0.0780488 0.175205
2791 0.0832185 0.183535
2796 0.091743 0.224066
2801 0.111482 0.221668
2806 0.124868 0.22042
2811 0.130168 0.158123
2816 0.140669 0.141755
2821 0.14451 0.109894
2826 0.14417 0.0900089
2831 0.143992 0.0888745
2836 0.143894 0.101742
2841 0.144478 0.0826837
2846 0.139681 0.100138
2851 0.138238 0.119115
2856 0.137331 0.119537
2861 0.138822 0.170489
2866 0.143068 0.102601
2871 0.149226 0.133733
2876 0.144899 0.0825865
2881 0.133409 0.105567
2886 0.138773 0.151122
2891 0.143473 0.0836399
2896 0.12905 0.0727332
2901 0.126473 0.0391702
2906 0.120622 0.0366097
2911 0.13208 0.0640305
2916 0.13033 0.0386192
2921 0.123685 0.0492991
2926 0.12563 0.0193339
2931 0.13336 0.0337412
2936 0.137947 0.104335
2941 0.133296 0.0513573
2946 0.135791 0.0362045
2951 0.142063 0.0451503
2956 0.12764 0.0247792
2961 0.128839 0.180326
2966 0.128742 0.0698809
2971 0.127445 0.0936715
2976 0.125873 0.0748562
2981 0.12563 0.165659
2986 0.142014 0.118904
2991 0.144672 0.031051
2996 0.160376 0.0454258
3001 0.186905 0.0587635
3006 0.213289 0.133344
3011 0.249623 0.180374
3016 0.261681 0.18791
3021 0.285471 0.199724
3026 0.296605 0.212511
3031 0.301272 0.177101
3036 0.394263 0.0703995
3041 0.376825 0.125938
3046 0.347654 0.211636
3051 0.339389 0.0618264
3056 0.341026 0.0696378
3061 0.350442 0.204878
3066 0.347897 0.0958107
3071 0.334592 0.14673
3076 0.339729 0.13712
3081 0.345191 0.068552
3086 0.390795 0.0970748
3091 0.380569 0.136958
3096 0.373049 0.116895
3101 0.376404 0.0321368
3106 0.381363 0.096151
3111 0.373876 0.181638
3116 0.363893 0.146309
3121 0.363844 0.124269
3126 0.363018 0.119229
3131 0.372741 0.123864
3136 0.393518 0.10346
3141 0.395511 0.0738028
3146 0.389985 0.0215218
3151 0.386938 0.0784053
3156 0.385398 0.0527834
3161 0.383616 0.10709
3166 0.382562 0.0973503
3171 0.375156 0.0422332
3176 0.371882 0.0830889
3181 0.379823 0.115209
3186 0.400664 0.142906
3191 0.385949 0.0624423
3196 0.385139 0.106393
3201 0.380002 0.0566891
3206 0.374167 0.114221
3211 0.360489 0.0421846
3216 0.368738 0.132307
3221 0.363779 0.0229479
3226 0.360797 0.0466737
3231 0.353116 0.0640629
3236 0.356081 0.102245
3241 0.350847 0.0575156
3246 0.346601 0.0697512
3251 0.344381 0.0635281
3256 0.33691 0.0671745
3261 0.337639 0.054793
3266 0.338773 0.0361559
3271 0.339681 0.0847257
3276 0.342792 0.0366583
3281 0.350053 0.0562677
3286 0.397731 0.124269
3291 0.390033 0.0248764
3296 0.396807 0.0343084
3301 0.38663 0.075553
3306 0.387586 0.09701
3311 0.395722 0.152451
3316 0.386322 0.155579
3321 0.386257 0.10991
3326 0.385317 0.158577
3331 0.375529 0.140183
3336 0.338465 0.180747
3341 0.332031 0.180715
3346 0.325646 0.148076
3351 0.315955 0.144786
3356 0.318127 0.136034
3361 0.344186 0.160733
3366 0.339454 0.143181
3371 0.329066 0.0925209
3376 0.322194 0.0583421
3381 0.323718 0.0285714
3386 0.332323 0.13994
3391 0.330006 0.0407747
3396 0.329552 0.0617616
3401 0.330508 0.0666721
3406 0.333441 0.0304189
3411 0.319601 0.102212
3416 0.31683 0.0504659
3421 0.315274 0.0237258
3426 0.316474 0.0590552
3431 0.318791 0.0904141
3436 0.460335 0.146487
3441 0.46617 0.105972
3446 0.50837 0.0547119
3451 0.51837 0.122405
3456 0.530459 0.080269
3461 0.517559 0.165092
3466 0.521125 0.025946
3471 0.518029 0.039154
3476 0.523766 0.0496394
3481 0.53712 0.0216838
3486 0.534154 0.0696864
3491 0.543116 0.0471923
3496 0.566194 0.115566
3501 0.562791 0.0431894
3506 0.574346 0.0636739
3511 0.591978 0.120412
3516 0.600097 0.0477271
3521 0.601394 0.0674662
3526 0.600519 0.100348
3531 0.597601 0.091743
3536 0.561835 0.0452962
3541 0.567231 0.125419
3546 0.567199 0.0932663
3551 0.567004 0.0314075
3556 0.573584 0.0191557
3561 0.523945 0.0864598
3566 0.523199 0.0234179
3571 0.533458 0.165675
3576 0.544073 0.092375
3581 0.543214 0.0662183
3586 0.536294 0.154898
3591 0.54793 0.0334657
3596 0.522988 0.0958269
3601 0.526505 0.0183129
3606 0.52409 0.0417146
3611 0.52234 0.0294628
3616 0.527348 0.0445183
3621 0.503201 0.0798801
3626 0.514334 0.101839
3631 0.507463 0.1255
3636 0.509327 0.100235
3641 0.520266 0.10568
3646 0.525111 0.105518
3651 0.543554 0.085536
3656 0.560392 0.0902844
3661 0.566939 0.0561057
3666 0.581266 0.054323
3671 0.556568 0.108127
3676 0.573649 0.107982
3681 0.576242 0.0656835
3686 0.571121 0.0239365
3691 0.567636 0.0277287
3696 0.534997 0.123053
3701 0.528385 0.0481809
3706 0.524107 0.0491856
3711 0.519374 0.0241958
3716 0.52375 0.066591
3721 0.487011 0.118046
3726 0.475731 0.147557
3731 0.47484 0.0902196
3736 0.471339 0.0440645
3741 0.483202 0.0600438
3746 0.448991 0.0633174
3751 0.446933 0.0687951
3756 0.44541 0.0444372
3761 0.438911 0.0440483
3766 0.42909 0.0374686
3771 0.417843 0.0816465
3776 0.442314 0.0519731
3781 0.436107 0.0539827
3786 0.421376 0.0293817
3791 0.421943 0.0117495
3796 0.393339 0.0660724
3801 0.387505 0.0303217
3806 0.387132 0.0478243
3811 0.516457 0.03742
3816 0.658326 0.0227696
3821 0.836415 0.157524
3826 0.838765 0.173762
3831 0.84374 0.117883
3836 0.846188 0.149291
3841 0.846512 0.14323
3846 0.850369 0.233417
3851 0.849656 0.147784
3856 0.84891 0.163844
3861 0.848797 0.0970424
3866 0.849299 0.0463496
3871 0.842736 0.0823758
3876 0.844243 0.0457175
3881 0.844697 0.108387
3886 0.844178 0.102909
3891 0.844243 0.0810307
3896 0.845199 0.0438538
3901 0.841909 0.0601896
3906 0.842574 0.0772223
3911 0.844389 0.0532372
3916 0.84246 0.0526051
3921 0.828458 0.189174
3926 0.82943 0.0525079
3931 0.827145 0.033174
3936 0.831942 0.0495422
3941 0.83567 0.0453772
3946 0.84037 0.0998622
3951 0.837679 0.128207
3956 0.838392 0.156276
3961 0.838895 0.0699295
3966 0.835832 0.0556033
3971 0.853837 0.0784539
3976 0.853205 0.113962
3981 0.846674 0.0397213
3986 0.833125 0.0548416
3991 0.845636 0.0689085
3996 0.84703 0.0711774
4001 0.845912 0.120169
4006 0.840256 0.0551981
4011 0.839883 0.0376145
4016 0.843983 0.0398671
4021 0.851276 0.0656187
4026 0.851276 0.0493963
4031 0.84891 0.0519569
4036 0.849526 0.0757313
4041 0.849882 0.0733328
4046 0.800146 0.0999919
4051 0.803565 0.0440645
4056 0.806677 0.0665262
4061 0.809302 0.0975448
4066 0.825962 0.0386841
4071 0.849866 0.104627
4076 0.850288 0.02956
4081 0.84972 0.0357508
4086 0.849866 0.0807552
4091 0.847225 0.057629
4096 0.841763 0.0868811
4101 0.835102 0.12738
4106 0.825557 0.131416
4111 0.829528 0.115274
4116 0.82721 0.0373227
4121 0.82956 0.143667
4126 0.831505 0.0498987
4131 0.834973 0.00931853
4136 0.834373 0.194636
4141 0.833239 0.207795
4146 0.832023 0.248699
4151 0.82277 0.203857
4156 0.81183 0.281225
4161 0.798833 0.26322
4166 0.801653 0.325484
4171 0.849558 0.377911
4176 0.804554 0.377603
4181 0.80551 0.377992
4186 0.813062 0.287335
4191 0.808006 0.423888
4196 0.781557 0.423467
4201 0.762872 0.425508
4206 0.746666 0.541771
4211 0.753812 0.526651
4216 0.776696 0.721903
4221 0.789693 0.690122
4226 0.829706 0.644146
4231 0.856495 0.504708
4236 0.84998 0.57185
4241 0.852767 0.531594
4246 0.794312 0.577798
4251 0.71132 0.608217
4256 0.672782 0.509861
4261 0.721741 0.521076
4266 0.789369 0.703266
4271 0.846609 0.662653
4276 0.839867 0.392318
4281 0.842152 0.326748
4286 0.851454 0.520379
4291 0.845572 0.450401
4296 0.77864 0.335078
4301 0.739211 0.289993
4306 0.691046 0.659865
4311 0.657726 0.700705
4316 0.64434 0.676007
4321 0.603468 0.690916
4326 0.593015 0.634341
4331 0.561575 0.321611
4336 0.579208 0.555482
4341 0.57245 0.714837
4346 0.604781 0.553618
4351 0.601993 0.735759
4356 0.571267 0.695227
4361 0.589239 0.728547
4366 0.608119 0.755417
4371 0.629754 0.720266
4376 0.668195 0.667904
4381 0.714529 0.67531
4386 0.726554 0.250758
4391 0.75767 0.425816
4396 0.782886 0.549048
4401 0.754347 0.555158
4406 0.735192 0.57219
4411 0.68646 0.430549
4416 0.678859 0.522956
4421 0.72623 0.642476
4426 0.698679 0.53054
4431 0.621635 0.597018
4436 0.573535 0.651957
4441 0.579856 0.724722
4446 0.624212 0.748059
4451 0.628993 0.678924
4456 0.625752 0.660319
4461 0.601702 0.599092
4466 0.620031 0.629965
4471 0.559517 0.737379
4476 0.523507 0.513168
4481 0.463706 0.634406
4486 0.447046 0.359663
4491 0.451276 0.523799
4496 0.400259 0.473997
4501 0.371882 0.454517
4506 0.431245 0.337882
4511 0.528482 0.414634
4516 0.612252 0.434795
4521 0.684872 0.340572
4526 0.797764 0.389158
4531 0.856754 0.423969
4536 0.895535 0.356211
4541 0.885779 0.424293
4546 0.816919 0.38287
4551 0.758691 0.367393
4556 0.697982 0.402966
4561 0.559517 0.635151
4566 0.540945 0.683024
4571 0.5959 0.6299
4576 0.589434 0.648375
4581 0.600162 0.715631
4586 0.6305 0.732177
4591 0.638473 0.633887
4596 0.609983 0.655474
4601 0.585658 0.584491
4606 0.611053 0.35297
4611 0.607277 0.617422
4616 0.584248 0.439754
4621 0.518856 0.535516
4626 0.368382 0.469265
4631 0.288583 0.442087
4636 0.343943 0.437128
4641 0.417438 0.473592
4646 0.490139 0.501661
4651 0.540475 0.528191
4656 0.542371 0.434244
4661 0.574751 0.517332
4666 0.618524 0.637582
4671 0.625995 0.530216
4676 0.440353 0.295049
4681 0.326116 0.275764
4686 0.237971 0.229754
4691 0.25126 0.278357
4696 0.286525 0.323685
4701 0.32986 0.54054
4706 0.321465 0.581574
4711 0.277157 0.347265
4716 0.262977 0.407649
4721 0.316133 0.43836
4726 0.417292 0.132275
4731 0.529163 0.55579
4736 0.523361 0.495519
4741 0.533296 0.501386
4746 0.537558 0.462669
4751 0.573697 0.538044
4756 0.509067 0.611393
4761 0.514772 0.67907
4766 0.454258 0.769289
4771 0.465051 0.717154
4776 0.410923 0.591978
4781 0.322616 0.549729
4786 0.197845 0.404878
4791 0.0850498 0.183697
4796 0.0140183 0.0739162
4801 0.000858926 0.180585
4806 0.000680658 0.14733
4811 0.000437566 0.141074
4816 0.000307917 0.160554
4821 0.000648246 0.0989871
4826 0.000356535 0.0396726
4831 8.10307e-05 0.148108
4836 0.000307917 0.16459
4841 0.00149097 0.0198363
4846 0.000891338 0.00988575
4851 0.00165303 0.0324123
4856 0.00440807 0.0186047
4861 0.00387327 0.0385868
4866 0.00217162 0.0165465
4871 0.00189612 0.0338546
4876 0.00217162 0.0160765
4881 0.00183129 0.0107771
4886 0.00205818 0.108792
4891 0.00192853 0.00881614
4896 0.000891338 0.010064
4901 0.00021068 0.00797342
4906 0.000178268 0.0933312
4911 0.00050239 0.118775
4916 0.000340329 0.102326
4921 0.000324123 0.142565
4926 0.000405154 0.107398
4931 0.000356535 0.0870108
4936 0.00063204 0.0927802
4941 0.0557815 0.0855522
4946 0.130135 0.130297
4951 0.147735 0.1906
4956 0.204408 0.268665
4961 0.256608 0.373714
4966 0.240483 0.384215
4971 0.146779 0.293007
4976 0.0694595 0.175675
4981 0.000939956 0.06006
4986 0.000551009 0.137606
4991 0.0180698 0.0414877
4996 0.0896524 0.139519
5001 0.171963 0.299425
5006 0.230468 0.361121
5011 0.246042 0.496978
5016 0.189985 0.187197
5021 0.0933312 0.245604
5026 0.0336439 0.0679361
5031 6.48246e-05 0.0230289
5036 0.000275504 0.1824
5041 0.00021068 0.168836
5046 0.0224617 0.052119
5051 0.0508387 0.092764
5056 0.045993 0.151252
5061 0.0270805 0.126716
5066 0.00578559 0.0530265
5071 0.0523783 0.0920995
5076 0.173876 0.133101
5081 0.217843 0.16506
5086 0.230824 0.19624
5091 0.241925 0.215704
5096 0.329017 0.269703
5101 0.252686 0.325257
5106 0.178268 0.154801
5111 0.261081 0.359015
5116 0.242363 0.276801
5121 0.14028 0.114999
5126 0.0220728 0.140313
5131 0.000356535 0.199384
5136 0.000405154 0.148724
5141 0.000259298 0.133263
5146 0.000194474 0.120606
5151 0.000178268 0.0545499
5156 0.000178268 0.0944818
5161 0.000567215 0.127429
5166 0.000162061 0.130443
5171 9.72369e-05 0.0649056
5176 0.000113443 0.12059
5181 9.72369e-05 0.123199
5186 0.000307917 0.136164
5191 0.000162061 0.137687
5196 9.72369e-05 0.16318
5201 0 0.117981
5206 0 0.105016
5211 0 0.0846771
5216 0 0.0615833
5221 0.000372741 0.196937
5226 0.000194474 0.0998947
5231 0.000129649 0.0688761
5236 0.000113443 0.113524
5241 0.000113443 0.0768171
5246 0.000113443 0.204408
5251 0.000226886 0.105226
5256 3.24123e-05 0.130524
5261 3.24123e-05 0.119342
5266 3.24123e-05 0.0667207
5271 0.000583421 0.123458
5276 0.000567215 0.117284
5281 0.000437566 0.120736
5286 8.10307e-05 0.191184
5291 0.000259298 0.209173
5296 0.0175675 0.0791346
5301 0.0527348 0.103087
5306 0.0878697 0.0879183
5311 0.103865 0.136764
5316 0.114399 0.160668
5321 0.122697 0.198396
5326 0.124949 0.196694
5331 0.126149 0.141625
5336 0.131691 0.0297221
5341 0.151511 0.0527996
5346 0.176388 0.0464306
5351 0.197294 0.0511952
5356 0.215428 0.0735759
5361 0.23016 0.0798477
5366 0.24293 0.0954866
5371 0.248392 0.137914
5376 0.25314 0.108808
5381 0.263706 0.112552
5386 0.292602 0.0529617
5391 0.30957 0.0848554
5396 0.317251 0.175675
5401 0.318483 0.142144
5406 0.316344 0.142403
5411 0.313864 0.152386
5416 0.312616 0.155368
5421 0.318694 0.188834
5426 0.344462 0.112584
5431 0.346131 0.118305
5436 0.349955 0.11905
5441 0.351284 0.0808849
5446 0.352548 0.113508
5451 0.350782 0.0516652
5456 0.349615 0.048667
5461 0.349404 0.0524107
5466 0.352224 0.0525079
5471 0.352662 0.0744996
5476 0.354947 0.0508549
5481 0.35519 0.0461227
5486 0.357232 0.0853091
5491 0.364411 0.0546309
5496 0.378041 0.154153
5501 0.383826 0.149372
5506 0.38757 0.0439024
5511 0.395057 0.0570456
5516 0.394214 0.118256
5521 0.404927 0.240791
5526 0.394166 0.0810145
5531 0.392675 0.13362
5536 0.394069 0.181282
5541 0.394376 0.0762013
5546 0.411377 0.199449
5551 0.408541 0.314869
5556 0.40726 0.273268
5561 0.406175 0.157297
5566 0.404538 0.134041
5571 0.410161 0.187505
5576 0.407001 0.203971
5581 0.40551 0.191249
5586 0.406029 0.176404
5591 0.412479 0.148546
5596 0.44186 0.18992
5601 0.44118 0.214764
5606 0.44575 0.0366097
5611 0.447257 0.0807714
5616 0.449396 0.0267888
5621 0.493461 0.145094
5626 0.497739 0.169727
5631 0.487513 0.183065
5636 0.484693 0.0577587
5641 0.538093 0.0560084
5646 0.834179 0.257483
5651 0.851438 0.0393323
5656 0.862377 0.249931
5661 0.860157 0.190211
5666 0.860562 0.119585
5671 0.87928 0.125873
5676 0.881387 0.056446
5681 0.882651 0.0283283
5686 0.876266 0.0682603
5691 0.877174 0.0615185
5696 0.880318 0.0583421
5701 0.883624 0.0250061
5706 0.886914 0.170861
5711 0.889247 0.130249
5716 0.898242 0.230208
5721 0.907528 0.247549
5726 0.906977 0.267045
5731 0.907495 0.205316
5736 0.909148 0.216887
