frame_number static_density dynamic_density
1 0.00175026 0.0892958
6 0 0.138579
11 0 0.106588
16 0.065878 0.0703022
21 0.129827 0.122146
26 0.152403 0.190001
31 0.109975 0.168058
36 0.0793129 0.163585
41 0.061632 0.109116
46 0.0588769 0.100867
51 0.0603679 0.0877563
56 0.0467223 0.0824731
61 0.0380844 0.0600276
66 0.0305 0.0401912
71 0.0216514 0.0397861
76 0.0170489 0.0203387
81 0.0109554 0.0130946
86 0.00641763 0.0151365
91 0.0063204 0.104497
96 0.00690382 0.107414
101 0.0492505 0.0596224
106 0.089231 0.139049
111 0.128336 0.174378
116 0.150944 0.188769
121 0.132615 0.230824
126 0.127753 0.226222
131 0.157945 0.213224
136 0.181136 0.207406
141 0.202642 0.230305
146 0.222478 0.257386
151 0.218313 0.205137
156 0.198152 0.208913
161 0.181152 0.191297
166 0.168463 0.173017
171 0.162726 0.159987
176 0.152743 0.148481
181 0.147703 0.125743
186 0.145094 0.12926
191 0.140961 0.120833
196 0.139195 0.199854
201 0.138644 0.156292
206 0.139454 0.127899
211 0.139762 0.125436
216 0.141366 0.179953
221 0.146974 0.21935
226 0.147443 0.0795397
231 0.148837 0.0183454
236 0.148902 0.0849364
241 0.146131 0.0231424
246 0.144024 0.154866
251 0.143846 0.117819
256 0.1431 0.210048
261 0.142339 0.162969
266 0.141593 0.1654
271 0.140621 0.141836
276 0.140588 0.15485
281 0.140572 0.148124
286 0.140297 0.15378
291 0.140799 0.0838668
296 0.144283 0.0778543
301 0.148221 0.0184264
306 0.147103 0.0115712
311 0.149826 0.0863949
316 0.156341 0.0209383
321 0.156649 0.123394
326 0.157005 0.166664
331 0.157167 0.120282
336 0.156146 0.00714691
341 0.155222 0.0155579
346 0.145418 0.109084
351 0.144478 0.0469006
356 0.144056 0.0236772
361 0.147006 0.0101937
366 0.158075 0.0225752
371 0.162223 0.0344867
376 0.169662 0.0497204
381 0.167296 0.0550199
386 0.165027 0.0491046
391 0.166648 0.0522972
396 0.169857 0.0479378
401 0.182595 0.054404
406 0.197861 0.101742
411 0.220744 0.131772
416 0.243157 0.190665
421 0.250936 0.181379
426 0.286087 0.208946
431 0.330038 0.292051
436 0.347687 0.272425
441 0.357913 0.318159
446 0.369079 0.330427
451 0.367896 0.283883
456 0.369046 0.272571
461 0.372871 0.294968
466 0.373179 0.343748
471 0.385123 0.347638
476 0.38697 0.297707
481 0.391962 0.333182
486 0.396078 0.333328
491 0.39637 0.351997
496 0.394457 0.358431
501 0.395349 0.393453
506 0.394814 0.391686
511 0.39509 0.277303
516 0.394717 0.240694
521 0.459736 0.0706264
526 0.506831 0.139924
531 0.550134 0.18488
536 0.592448 0.245491
541 0.622802 0.263204
546 0.626384 0.243368
551 0.621133 0.219577
556 0.621149 0.199514
561 0.617389 0.195543
566 0.605721 0.167685
571 0.599806 0.468276
576 0.595851 0.533895
581 0.593744 0.381963
586 0.592156 0.325695
591 0.591751 0.319374
596 0.600373 0.284142
601 0.614731 0.302196
606 0.633806 0.017373
611 0.681468 0.0287497
616 0.707803 0.0635605
621 0.749194 0.0859574
626 0.756535 0.0837047
631 0.769727 0.0828458
636 0.77937 0.0944818
641 0.783356 0.102585
646 0.791411 0.306264
651 0.791362 0.142873
656 0.79368 0.197764
661 0.792383 0.0139049
666 0.790163 0.0327202
671 0.787132 0.0702698
676 0.785949 0.0577263
681 0.786079 0.0815493
686 0.784134 0.100948
691 0.777765 0.108646
696 0.775513 0.192902
701 0.772287 0.131837
706 0.773244 0.154769
711 0.775075 0.150782
716 0.776906 0.162126
721 0.78287 0.289134
726 0.781557 0.203468
731 0.782854 0.194636
736 0.784361 0.180974
741 0.78582 0.146196
746 0.793469 0.228328
751 0.794944 0.337039
756 0.796062 0.257467
761 0.796256 0.218799
766 0.797326 0.156049
771 0.802544 0.261551
776 0.802236 0.287335
781 0.802253 0.203857
786 0.802382 0.125192
791 0.801993 0.223321
796 0.798315 0.273803
801 0.79799 0.280723
806 0.797034 0.274078
811 0.797245 0.151738
816 0.811701 0.123945
821 0.830305 0.366713
826 0.839089 0.189709
831 0.843432 0.223629
836 0.844745 0.289377
841 0.845799 0.242962
846 0.84857 0.213872
851 0.848991 0.35075
856 0.850207 0.156454
861 0.850288 0.278746
866 0.84998 0.26638
871 0.848975 0.233547
876 0.84951 0.30769
881 0.845069 0.20927
886 0.846431 0.27518
891 0.846333 0.262993
896 0.845685 0.0886476
901 0.846009 0.227243
906 0.843335 0.328677
911 0.844372 0.288097
916 0.84541 0.308711
921 0.846544 0.163747
926 0.847144 0.0794749
931 0.842395 0.245588
936 0.844583 0.244421
941 0.84447 0.20248
946 0.844259 0.250466
951 0.844129 0.179645
956 0.84259 0.232202
961 0.843951 0.286184
966 0.843951 0.295859
971 0.844421 0.175999
976 0.845248 0.226756
981 0.843789 0.369921
986 0.844859 0.14357
991 0.84447 0.124998
996 0.844421 0.0343084
1001 0.846106 0.0339681
1006 0.846787 0.114091
1011 0.843773 0.095049
1016 0.844243 0.210485
1021 0.84468 0.0904789
1026 0.844518 0.144996
1031 0.844048 0.245944
1036 0.843027 0.362272
1041 0.842865 0.0321206
1046 0.843319 0.0445345
1051 0.84306 0.0519731
1056 0.842509 0.0458796
1061 0.841585 0.0634633
1066 0.839948 0.0290252
1071 0.840629 0.0296734
1076 0.8399 0.0358156
1081 0.839251 0.0384896
1086 0.835832 0.1261
1091 0.836302 0.0355725
1096 0.834649 0.0510656
1101 0.834649 0.0545823
1106 0.832801 0.0539827
1111 0.829528 0.105113
1116 0.832234 0.0623288
1121 0.833206 0.0451179
1126 0.833968 0.0460416
1131 0.837582 0.0568998
1136 0.841958 0.111109
1141 0.840451 0.0728304
1146 0.839754 0.0582611
1151 0.839673 0.0550685
1156 0.8387 0.0715339
1161 0.83742 0.138919
1166 0.836286 0.0695406
1171 0.838084 0.0925857
1176 0.837777 0.0831699
1181 0.836431 0.0947735
1186 0.834341 0.113151
1191 0.834827 0.0825055
1196 0.834795 0.0563812
1201 0.836269 0.0522
1206 0.836593 0.0483429
1211 0.840029 0.121125
1216 0.838895 0.0372093
1221 0.838311 0.247565
1226 0.837193 0.0757637
1231 0.838733 0.033255
1236 0.835346 0.0485536
1241 0.836205 0.0402236
1246 0.83708 0.045361
1251 0.837096 0.0459282
1256 0.836431 0.0386192
1261 0.835913 0.0552629
1266 0.837614 0.0448586
1271 0.83917 0.0285876
1276 0.840953 0.0203387
1281 0.842411 0.0129325
1286 0.839073 0.0689571
1291 0.840256 0.0110202
1296 0.838425 0.0129811
1301 0.838976 0.0181509
1306 0.839851 0.0137752
1311 0.838052 0.0558464
1316 0.837388 0.0793291
1321 0.838571 0.135256
1326 0.839057 0.197909
1331 0.839478 0.119148
1336 0.836367 0.216741
1341 0.837242 0.164136
1346 0.837047 0.213937
1351 0.837906 0.29184
1356 0.838409 0.226562
1361 0.837031 0.349631
1366 0.838263 0.161705
1371 0.839154 0.113265
1376 0.839835 0.125824
1381 0.840321 0.175837
1386 0.837906 0.224731
1391 0.83729 0.111498
1396 0.837501 0.290625
1401 0.837258 0.28492
1406 0.837404 0.279313
1411 0.837777 0.153602
1416 0.83802 0.18992
1421 0.838392 0.139438
1426 0.838149 0.110202
1431 0.839575 0.149469
1436 0.840548 0.121027
1441 0.844081 0.153829
1446 0.847111 0.208119
1451 0.857872 0.131416
1456 0.865586 0.191848
1461 0.871064 0.143165
1466 0.873787 0.143327
1471 0.877238 0.384831
1476 0.871469 0.534073
1481 0.868406 0.345029
1486 0.86006 0.419966
1491 0.854129 0.528482
1496 0.857937 0.581493
1501 0.869557 0.645329
1506 0.881987 0.708905
1511 0.89748 0.690933
1516 0.917413 0.613273
1521 0.924512 0.560911
1526 0.930622 0.581444
1531 0.922632 0.548708
1536 0.894466 0.464338
1541 0.877222 0.478422
1546 0.868665 0.673236
1551 0.849283 0.672895
1556 0.840823 0.682489
1561 0.8217 0.562645
1566 0.820306 0.567183
1571 0.814407 0.520185
1576 0.8176 0.550717
1581 0.851487 0.460595
1586 0.843513 0.295341
1591 0.848586 0.560311
1596 0.811036 0.58415
1601 0.783648 0.460271
1606 0.733441 0.498679
1611 0.705583 0.583713
1616 0.724933 0.666364
1621 0.752435 0.525987
1626 0.817843 0.532599
1631 0.794231 0.614132
1636 0.744591 0.550976
1641 0.771947 0.131594
1646 0.787716 0.326781
1651 0.783243 0.516311
1656 0.760376 0.513929
1661 0.764898 0.457467
1666 0.783243 0.522502
1671 0.775739 0.387537
1676 0.763974 0.492148
1681 0.760522 0.679248
1686 0.77877 0.716522
1691 0.792497 0.622202
1696 0.810534 0.505324
1701 0.744235 0.348108
1706 0.686184 0.250839
1711 0.633158 0.208233
1716 0.666964 0.0829106
1721 0.659671 0.317754
1726 0.691014 0.43251
1731 0.703573 0.394279
1736 0.59342 0.596564
1741 0.471534 0.492262
1746 0.373438 0.399238
1751 0.286995 0.349356
1756 0.336083 0.487675
1761 0.375383 0.479199
1766 0.337266 0.346406
1771 0.292359 0.234551
1776 0.261421 0.25502
1781 0.231181 0.275602
1786 0.261178 0.390276
1791 0.301369 0.427291
1796 0.308225 0.408557
1801 0.241018 0.424698
1806 0.218459 0.30017
1811 0.223499 0.319374
1816 0.189061 0.313135
1821 0.135305 0.225541
1826 0.120914 0.205478
1831 0.127348 0.234989
1836 0.128887 0.149242
1841 0.170878 0.229609
1846 0.18334 0.284742
1851 0.202658 0.282019
1856 0.191492 0.239267
1861 0.143457 0.235167
1866 0.174443 0.196888
1871 0.219869 0.307252
1876 0.185447 0.259509
1881 0.161446 0.284596
1886 0.170375 0.248829
1891 0.194717 0.311012
1896 0.204068 0.374573
1901 0.212284 0.375691
1906 0.253108 0.362029
1911 0.423839 0.374167
1916 0.609481 0.439446
1921 0.637031 0.689361
1926 0.44515 0.41303
1931 0.208249 0.268795
1936 0.0468682 0.0691192
1941 0.000567215 0.136067
1946 0.000648246 0.0287335
1951 0.000858926 0.049056
1956 0.000648246 0.0731059
1961 0.000794101 0.117203
1966 0.000664452 0.0540799
1971 0.000664452 0.0298193
1976 0.00108581 0.00891338
1981 0.00128029 0.012025
1986 0.000567215 0.0528806
1991 0 0.011004
1996 0 0.146617
2001 0 0.11166
2006 0 0.126343
2011 0.196743 0.0548902
2016 0.345369 0.204943
2021 0.288631 0.357054
2026 0.44011 0.387732
2031 0.432185 0.344624
2036 0.429625 0.39671
2041 0.315663 0.40013
2046 0.150409 0.236756
2051 0.0436756 0.0668341
2056 4.86184e-05 0.0858439
2061 0 0.139486
2066 0 0.0833806
2071 0 0.121611
2076 0.000356535 0.0435135
2081 0.000518597 0.0055425
2086 0.000939956 0.0362369
2091 0.0013127 0.0055425
2096 0.00244713 0.00610972
2101 0.00398671 0.00703347
2106 0.00457013 0.0130784
2111 0.0689895 0.0545823
2116 0.221327 0.0978851
2121 0.320023 0.237744
2126 0.399206 0.164719
2131 0.468665 0.120412
2136 0.483121 0.289393
2141 0.498404 0.317365
2146 0.483867 0.284872
2151 0.407439 0.191314
2156 0.203646 0.195981
2161 0.0499473 0.0707074
2166 0.117721 0.0961024
2171 0.164995 0.180909
2176 0.0708695 0.171542
2181 0.00782757 0.087578
2186 0.00249575 0.045361
2191 0.00147476 0.0669476
2196 0.000275504 0.0980147
2201 0.000113443 0.149307
2206 0.000129649 0.143538
2211 8.10307e-05 0.14626
2216 0 0.0587797
2221 0 0.0881938
2226 0 0.158577
2231 0 0.108289
2236 1.62061e-05 0.0961997
2241 0 0.0972855
2246 0 0.0967183
2251 0 0.146698
2256 0 0.138157
2261 0 0.113086
2266 0 0.105956
2271 0 0.127591
2276 0.00150717 0.016433
2281 0.14336 0.116117
2286 0.238036 0.339373
2291 0.194101 0.372579
2296 0.0948221 0.222851
2301 0.0432056 0.112406
2306 4.86184e-05 0.00892958
2311 0.0353456 0.0935581
2316 0.0393971 0.148594
2321 0.0341139 0.129925
2326 0.0481484 0.154445
2331 0.0233855 0.110882
2336 0 0.0527186
2341 0 0.102796
2346 0 0.144867
2351 0 0.144964
2356 0.00121546 0.00568836
2361 0.0351349 0.0831537
2366 0.0296248 0.114804
2371 0.00071307 0.0435297
2376 0 0.10427
2381 0 0.0934446
2386 0 0.152467
2391 0.0264322 0.0337736
2396 0.172174 0.180715
2401 0.154979 0.243351
2406 0.0378251 0.135662
2411 1.62061e-05 0.0348756
2416 0 0.112827
2421 0 0.138287
2426 0 0.168933
2431 0 0.106199
2436 0 0.161365
2441 0.0540475 0.050709
2446 0.164136 0.149129
2451 0.0699619 0.225184
2456 0.00247954 0.095438
2461 0 0.116409
2466 0 0.0932826
2471 0 0.0904465
2476 0 0.126716
2481 0 0.0926343
2486 0.0271129 0.0611134
2491 0.0448262 0.0963293
2496 0.0138076 0.0816628
2501 0 0.0185236
2506 0 0.0890365
2511 0 0.125533
2516 0 0.131318
2521 0.0857305 0.100543
2526 0.234454 0.319212
2531 0.203436 0.404197
2536 0.0718256 0.26194
2541 0 0.060222
2546 0 0.13148
2551 0 0.12315
2556 0 0.119844
2561 0 0.175626
2566 0 0.131594
2571 0 0.113119
2576 0 0.131156
2581 0 0.0836075
2586 0 0.0857953
2591 0 0.0979985
2596 0 0.125889
2601 0 0.112633
2606 0 0.136877
2611 0 0.108727
2616 0 0.129519
2621 0 0.106312
2626 0 0.144996
2631 0 0.0732842
2636 0.0624261 0.04387
2641 0.162872 0.175253
2646 0.115274 0.176987
2651 0.162305 0.272895
2656 0.300089 0.437274
2661 0.276704 0.517332
2666 0.197132 0.420355
2671 0.0723442 0.232963
2676 0.0125273 0.0863139
2681 0 0.158739
2686 0.0155903 0.0629447
2691 0.0787294 0.123669
2696 0.136877 0.176679
2701 0.144624 0.154185
2706 0.136618 0.177733
2711 0.115825 0.149696
2716 0.0964914 0.117576
2721 0.0693461 0.0866542
2726 0.049526 0.0387975
2731 0.0297545 0.0257191
2736 0.0142614 0.0271453
2741 0.0081841 0.0520217
2746 0.06698 0.0513735
2751 0.109505 0.136764
2756 0.143311 0.20248
2761 0.163196 0.252508
2766 0.152694 0.330362
2771 0.119358 0.311595
2776 0.0955514 0.240143
2781 0.0738676 0.175399
2786 0.0590876 0.121303
2791 0.0424277 0.0792156
2796 0.0299814 0.0459444
2801 0.0213597 0.0267888
2806 0.0150717 0.0121222
2811 0.0104692 0.106782
2816 0.00842719 0.107382
2821 0.00774654 0.0713394
2826 0.00748724 0.14417
2831 0.00696864 0.179078
2836 0.00709829 0.111531
2841 0.00708208 0.129179
2846 0.0068552 0.0957135
2851 0.00679037 0.133522
2856 0.00677417 0.0608217
2861 0.00557491 0.139324
2866 0.00568836 0.144316
2871 0.00492667 0.10333
2876 0.00499149 0.0907706
2881 0.00492667 0.109505
2886 0.00555871 0.12153
2891 0.00773033 0.00891338
2896 0.0342112 0.0612268
2901 0.0507414 0.108014
2906 0.0570456 0.136504
2911 0.0483429 0.123086
2916 0.0367069 0.0851309
2921 0.0272587 0.0644518
2926 0.0188639 0.0429625
2931 0.015331 0.0258164
2936 0.0120574 0.0136456
2941 0.00842719 0.011555
2946 0.00688761 0.012657
2951 0.00700105 0.0118791
2956 0.030192 0.0390892
2961 0.0775788 0.108678
2966 0.138012 0.14827
2971 0.20705 0.205364
2976 0.25066 0.209092
2981 0.287789 0.225152
2986 0.342938 0.248943
2991 0.373811 0.295422
2996 0.405964 0.314934
3001 0.459655 0.25233
3006 0.491046 0.313249
3011 0.567588 0.395138
3016 0.616028 0.430694
3021 0.654388 0.458877
3026 0.666089 0.458926
3031 0.737201 0.374929
3036 0.802496 0.288372
3041 0.804505 0.346212
3046 0.817276 0.25468
3051 0.83776 0.297221
3056 0.856965 0.337298
3061 0.869573 0.356568
3066 0.870254 0.32798
3071 0.879135 0.309229
3076 0.887999 0.272701
3081 0.885196 0.182449
3086 0.873625 0.11884
3091 0.843935 0.237728
3096 0.820323 0.257742
3101 0.81679 0.27672
3106 0.819091 0.327623
3111 0.824682 0.307366
3116 0.821489 0.288016
3121 0.821036 0.244713
3126 0.826756 0.289555
3131 0.83251 0.220695
3136 0.839705 0.239656
3141 0.838749 0.0920509
3146 0.839041 0.0580504
3151 0.838392 0.0666397
3156 0.838311 0.0630743
3161 0.840013 0.108986
3166 0.840062 0.0546633
3171 0.83977 0.0611458
3176 0.839365 0.070205
3181 0.839365 0.0563488
3186 0.83849 0.0720039
3191 0.839948 0.0607244
3196 0.839008 0.0529131
3201 0.838781 0.0467061
3206 0.838895 0.0418605
3211 0.839154 0.103768
3216 0.841034 0.0404505
3221 0.840807 0.0662183
3226 0.840937 0.0578883
3231 0.840078 0.0333847
3236 0.837388 0.122421
3241 0.837987 0.0375982
3246 0.838149 0.049056
3251 0.836399 0.0445021
3256 0.838603 0.0391378
3261 0.83964 0.148594
3266 0.839721 0.0506442
3271 0.840207 0.0283283
3276 0.840467 0.0285228
3281 0.839494 0.0202253
3286 0.839413 0.0740459
3291 0.838101 0.0363342
3296 0.838198 0.0292845
3301 0.837485 0.0507738
3306 0.83742 0.0418118
3311 0.838765 0.113573
3316 0.837436 0.0669152
3321 0.837225 0.0344705
3326 0.836221 0.0748562
3331 0.836415 0.0662993
3336 0.8393 0.114837
3341 0.839689 0.0488453
3346 0.838846 0.0516814
3351 0.838814 0.0487481
3356 0.839802 0.0397213
3361 0.839786 0.144656
3366 0.839575 0.0315372
3371 0.840175 0.0297383
3376 0.840418 0.0334819
3381 0.839981 0.00931853
3386 0.839089 0.330703
3391 0.839316 0.388672
3396 0.839721 0.0550036
3401 0.839689 0.0504335
3406 0.839656 0.10581
3411 0.84084 0.308322
3416 0.840807 0.121838
3421 0.841002 0.10957
3426 0.839851 0.171688
3431 0.839851 0.171234
3436 0.842995 0.270659
3441 0.842201 0.231732
3446 0.842784 0.169306
3451 0.842525 0.188964
3456 0.841941 0.0754396
3461 0.844113 0.266623
3466 0.844632 0.106507
3471 0.844875 0.1566
3476 0.844178 0.0477595
3481 0.844907 0.163115
3486 0.845053 0.166956
3491 0.844761 0.20914
3496 0.84468 0.215088
3501 0.844518 0.0990519
3506 0.844129 0.182173
3511 0.842185 0.278227
3516 0.841698 0.140621
3521 0.842087 0.0583745
3526 0.842347 0.16702
3531 0.84212 0.0746779
3536 0.84353 0.207325
3541 0.844502 0.242784
3546 0.844113 0.168171
3551 0.843335 0.182027
3556 0.842898 0.0469492
3561 0.843562 0.313508
3566 0.843578 0.18804
3571 0.843432 0.150863
3576 0.842865 0.0912082
3581 0.842817 0.27309
3586 0.843562 0.179613
3591 0.842493 0.112001
3596 0.843157 0.193177
3601 0.843416 0.0409853
3606 0.842865 0.0850174
3611 0.842493 0.121416
3616 0.841877 0.217973
3621 0.843384 0.237452
3626 0.843287 0.108063
3631 0.843076 0.114821
3636 0.842379 0.214164
3641 0.84233 0.16984
3646 0.842233 0.159695
3651 0.84165 0.159712
3656 0.841941 0.198477
3661 0.841958 0.0552305
3666 0.841796 0.0372741
3671 0.843983 0.169435
3676 0.844097 0.102877
3681 0.843222 0.163439
3686 0.843335 0.139713
3691 0.842719 0.0392513
3696 0.843076 0.185333
3701 0.842493 0.0326878
3706 0.840402 0.180326
3711 0.834762 0.0149745
3716 0.828199 0.0252978
3721 0.819723 0.0643708
3726 0.809691 0.0604165
3731 0.802334 0.0700105
3736 0.795252 0.0799449
3741 0.790811 0.09701
3746 0.788251 0.168041
3751 0.784231 0.125727
3756 0.78193 0.148383
3761 0.781266 0.172676
3766 0.781914 0.0413905
3771 0.782692 0.155077
3776 0.783113 0.0310834
3781 0.782546 0.153975
3786 0.782092 0.156713
3791 0.781476 0.0146828
3796 0.78334 0.333863
3801 0.782546 0.178106
3806 0.782206 0.161332
3811 0.783 0.189385
3816 0.784167 0.12422
3821 0.789288 0.288323
3826 0.789207 0.13336
3831 0.788834 0.146034
3836 0.789563 0.0233206
3841 0.789304 0.309132
3846 0.790455 0.245442
3851 0.789644 0.144121
3856 0.787359 0.0155741
3861 0.786565 0.045361
3866 0.786646 0.0389758
3871 0.788234 0.249445
3876 0.788186 0.176534
3881 0.788494 0.0115064
3886 0.787764 0.0133539
3891 0.788137 0.00649866
3896 0.780698 0.10064
3901 0.781493 0.0486022
3906 0.78334 0.0329147
3911 0.784134 0.0297383
3916 0.785026 0.0317802
3921 0.790503 0.215444
3926 0.791459 0.227794
3931 0.78932 0.0390244
3936 0.789531 0.151803
3941 0.78966 0.0246657
3946 0.787764 0.195446
3951 0.786808 0.11098
3956 0.78663 0.210777
3961 0.787003 0.154542
3966 0.786824 0.155757
3971 0.7912 0.339989
3976 0.790779 0.206482
3981 0.790341 0.120784
3986 0.789628 0.0937363
3991 0.789758 0.0488615
3996 0.790357 0.127915
4001 0.790681 0.25421
4006 0.790374 0.159841
4011 0.789855 0.3138
4016 0.790325 0.2528
4021 0.787991 0.287027
4026 0.787683 0.267709
4031 0.788283 0.256673
4036 0.788753 0.262864
4041 0.788915 0.150976
4046 0.786516 0.351252
4051 0.788413 0.142614
4056 0.787813 0.294774
4061 0.78723 0.224714
4066 0.78838 0.0212949
4071 0.78321 0.167555
4076 0.784069 0.297561
4081 0.78334 0.172433
4086 0.78347 0.0752937
4091 0.783761 0.0219593
4096 0.789434 0.260903
4101 0.789353 0.350474
4106 0.788656 0.159161
4111 0.788267 0.00531561
4116 0.788089 0.0295276
4121 0.78723 0.219804
4126 0.786549 0.0220404
4131 0.787554 0.261292
4136 0.785414 0.236788
4141 0.78347 0.272766
4146 0.776631 0.275472
4151 0.775107 0.251714
4156 0.772417 0.294433
4161 0.770764 0.319455
4166 0.771234 0.324334
4171 0.783178 0.36023
4176 0.769241 0.323005
4181 0.770148 0.327283
4186 0.770942 0.431229
4191 0.772028 0.313378
4196 0.77984 0.243384
4201 0.786954 0.439008
4206 0.798169 0.591232
4211 0.815817 0.59308
4216 0.821441 0.547816
4221 0.835281 0.573146
4226 0.860724 0.549599
4231 0.868471 0.476671
4236 0.866721 0.381282
4241 0.850239 0.462215
4246 0.829511 0.471647
4251 0.818621 0.620533
4256 0.825314 0.695519
4261 0.78535 0.676574
4266 0.781865 0.598752
4271 0.736164 0.475132
4276 0.728806 0.346341
4281 0.716198 0.421311
4286 0.701953 0.50581
4291 0.700851 0.447241
4296 0.668909 0.534009
4301 0.683008 0.593388
4306 0.699781 0.476136
4311 0.744364 0.546406
4316 0.762969 0.571429
4321 0.696248 0.583972
4326 0.682408 0.381622
4331 0.737768 0.474678
4336 0.779386 0.619042
4341 0.776809 0.584766
4346 0.742744 0.614569
4351 0.735062 0.616433
4356 0.685293 0.566275
4361 0.628247 0.445734
4366 0.571137 0.495843
4371 0.550182 0.479313
4376 0.574848 0.540864
4381 0.636367 0.507382
4386 0.651066 0.400778
4391 0.602755 0.567766
4396 0.531853 0.642395
4401 0.470513 0.648294
4406 0.391346 0.603355
4411 0.37266 0.540783
4416 0.326926 0.537979
4421 0.311482 0.330524
4426 0.328806 0.310072
4431 0.368803 0.296329
4436 0.388121 0.407325
4441 0.445361 0.571185
4446 0.433223 0.552954
4451 0.360814 0.599595
4456 0.301191 0.468179
4461 0.288259 0.401021
4466 0.296248 0.329244
4471 0.34955 0.261648
4476 0.412171 0.365967
4481 0.607196 0.528385
4486 0.710785 0.50628
4491 0.658909 0.479199
4496 0.644405 0.555611
4501 0.546957 0.495098
4506 0.489944 0.46053
4511 0.469654 0.439122
4516 0.537639 0.406855
4521 0.593955 0.55169
4526 0.68552 0.612009
4531 0.803257 0.60235
4536 0.819399 0.634082
4541 0.799352 0.519245
4546 0.793437 0.549631
4551 0.757799 0.486541
4556 0.77078 0.510753
4561 0.662945 0.483624
4566 0.612203 0.422705
4571 0.518289 0.525079
4576 0.42251 0.495649
4581 0.352403 0.409967
4586 0.275229 0.344235
4591 0.280058 0.390406
4596 0.373146 0.416368
4601 0.491338 0.463398
4606 0.562531 0.429301
4611 0.600324 0.382044
4616 0.60175 0.458342
4621 0.513556 0.492764
4626 0.362483 0.331173
4631 0.321578 0.377198
4636 0.300802 0.294433
4641 0.355125 0.183664
4646 0.434065 0.225103
4651 0.362742 0.386306
4656 0.296864 0.287918
4661 0.239381 0.289004
4666 0.322826 0.360489
4671 0.370553 0.498161
4676 0.404489 0.341285
4681 0.313686 0.31623
4686 0.234568 0.191492
4691 0.164201 0.0936715
4696 0.227016 0.405624
4701 0.309829 0.475602
4706 0.338157 0.407536
4711 0.302601 0.375383
4716 0.336391 0.25301
4721 0.38522 0.383048
4726 0.461924 0.448732
4731 0.496313 0.546163
4736 0.505907 0.642006
4741 0.409205 0.549567
4746 0.222283 0.365286
4751 0.126262 0.274532
4756 0.103168 0.196337
4761 0.0275018 0.0801718
4766 1.62061e-05 0.0497529
4771 0 0.100203
4776 0 0.0848554
4781 0 0.112941
4786 0 0.128563
4791 0 0.120606
4796 1.62061e-05 0.0753424
4801 0 0.073349
4806 0 0.108095
4811 0 0.0664128
4816 0 0.166162
4821 0 0.102504
4826 0 0.0455068
4831 0 0.105567
4836 0 0.0995057
4841 0 0.153424
4846 0 0.161251
4851 0 0.111774
4856 0 0.105632
4861 0 0.154023
4866 0 0.126797
4871 0 0.130362
4876 0 0.186128
4881 0 0.136375
4886 0 0.144429
4891 0 0.0893607
4896 0 0.0972531
4901 0 0.114561
4906 0 0.13887
4911 0 0.154104
4916 0 0.134365
4921 0 0.123928
4926 0.0842071 0.062815
4931 0.154509 0.175318
4936 0.129212 0.241099
4941 0.186306 0.256867
4946 0.14451 0.285957
4951 0.044891 0.144867
4956 1.62061e-05 0.0334495
4961 0 0.113978
4966 0 0.156276
4971 0 0.150231
4976 0.0526538 0.0607568
4981 0.173957 0.214391
4986 0.190309 0.340102
4991 0.157767 0.322762
4996 0.0730249 0.209254
5001 0.00455393 0.0720849
5006 0 0.105275
5011 0 0.147541
5016 0 0.101224
5021 0 0.157929
5026 0 0.0794101
5031 0.033336 0.0668341
5036 0.044259 0.146196
5041 0.00980472 0.0853253
5046 0 0.0153796
5051 0 0.0478892
5056 0.0631229 0.0411798
5061 0.190649 0.133684
5066 0.253302 0.19248
5071 0.308208 0.234146
5076 0.328563 0.283818
5081 0.269168 0.285585
5086 0.227583 0.341561
5091 0.185949 0.242768
5096 0.0966048 0.138757
5101 6.48246e-05 0.108938
5106 0 0.106831
5111 0 0.115112
5116 0 0.136715
5121 0 0.0917106
5126 0 0.0539827
5131 0 0.153991
5136 0 0.0792642
5141 0 0.104708
5146 0 0.143457
5151 0 0.143003
5156 0 0.0765416
5161 0 0.142079
5166 0 0.167588
5171 0 0.152856
5176 0 0.13819
5181 0 0.158431
5186 1.62061e-05 0.149648
5191 0 0.16104
5196 0 0.106458
5201 0 0.104789
5206 0 0.153456
5211 0 0.13665
5216 0 0.0890041
5221 0 0.141334
5226 0 0.148772
5231 0 0.162418
5236 0 0.160182
5241 0 0.170683
5246 0 0.0948383
5251 0 0.170408
5256 0 0.0670934
5261 0 0.191184
5266 0.0324447 0.0340977
5271 0.134722 0.15425
5276 0.196159 0.225136
5281 0.162142 0.287805
5286 0 0.200632
5291 0.0962807 0.109894
5296 0.0642574 0.134041
5301 0.0535127 0.0659428
5306 0.126019 0.120006
5311 0.192464 0.190617
5316 0.227518 0.267531
5321 0.175302 0.233806
5326 0.132582 0.150912
5331 0.101078 0.146163
5336 0.0574508 0.0848878
5341 0.0496232 0.055976
5346 0.0784539 0.12717
5351 0.133133 0.205089
5356 0.145272 0.272717
5361 0.114318 0.186111
5366 0.114658 0.183032
5371 0.145077 0.202512
5376 0.201929 0.304173
5381 0.243838 0.377328
5386 0.203176 0.312665
5391 0.158107 0.299279
5396 0.130622 0.243384
5401 0.106912 0.140199
5406 0.130103 0.154169
5411 0.163471 0.170505
5416 0.198298 0.144121
5421 0.223434 0.175723
5426 0.252864 0.208849
5431 0.289733 0.304724
5436 0.329568 0.346552
5441 0.362645 0.375431
5446 0.413727 0.439105
5451 0.430338 0.508792
5456 0.430338 0.525192
5461 0.424212 0.377587
5466 0.417308 0.362061
5471 0.433774 0.365756
5476 0.440451 0.307285
5481 0.460028 0.302909
5486 0.495762 0.237971
5491 0.515453 0.252087
5496 0.551333 0.244664
5501 0.579548 0.21008
5506 0.615623 0.201215
5511 0.650579 0.150944
5516 0.662783 0.144559
5521 0.666786 0.160473
5526 0.664111 0.173859
5531 0.676461 0.202771
5536 0.685374 0.185998
5541 0.686589 0.195641
5546 0.726846 0.0296897
5551 0.756357 0.0611944
5556 0.792837 0.0795884
5561 0.828037 0.101694
5566 0.836464 0.11717
5571 0.836593 0.20444
5576 0.837047 0.234049
5581 0.836626 0.236966
5586 0.83708 0.25207
5591 0.844486 0.281339
5596 0.851309 0.154866
5601 0.840856 0.150393
5606 0.825492 0.14699
5611 0.822219 0.122421
5616 0.821408 0.13644
5621 0.821181 0.160862
5626 0.820873 0.18078
5631 0.818961 0.204765
5636 0.816725 0.207584
5641 0.813532 0.0284904
5646 0.808913 0.0575804
5651 0.80927 0.0482295
5656 0.798574 0.0457013
5661 0.795754 0.0463334
5666 0.799141 0.0569484
5671 0.797845 0.0881776
5676 0.79778 0.0802204
5681 0.797699 0.0628474
5686 0.798833 0.0752613
5691 0.798298 0.164638
5696 0.801053 0.123685
5701 0.792415 0.121481
5706 0.781865 0.127283
5711 0.766729 0.0380358
5716 0.751949 0.0374524
5721 0.731173 0.205251
5726 0.730265 0.0736245
5731 0.729309 0.123296
5736 0.728693 0.11824
